,NPD_LTR_nps,clean_cabin_nps,app_nps,stress_level_nps,deplaning_nps,clean_airport_nps,cabin_nps,seat_comfort_nps,boarding_nps,checkin_nps,value_nps,ontime_arrival_nps,ife_nps,fa_interaction_nps,res_care_nps,airport_emp_nps,wifi_nps,food_bev_nps,clean_lav_nps,srvfail_recovery_nps,bag_speed_nps,n_srvy,max_chkd_bags,avg_chkd_bags,std_chkd_bags,mode_chkd_bags,pct_ckin_ksk,pct_ckin_onln,pct_ckin_mobl,pct_rbkd,pct_cntn,num_cls_upgrd,pct_cabin_basic,pct_cabin_main,pct_cabin_cmfrt,pct_cabin_first,pct_loyalty_base,pct_loyalty_slvr,pct_loyalty_gld,pct_loyalty_pltnm,pct_loyalty_dmnd,pct_type_corp,pct_type_bsns,pct_type_leis,pct_type_hvl,pct_amex_srvy,min_adv_pur_days,max_adv_pur_days,avg_adv_pur_days,std_adv_pur_days,max_stay_days,avg_stay_days,std_stay_days,pct_round_trip,num_intntnl,min_gross_rev,max_gross_rev,avg_gross_rev,std_gross_rev,n_flights,min_dstnc,max_dstnc,avg_dstnc,std_dstnc,min_otps,max_otps,avg_otps,std_otps,pct_dprt_ontime,pct_arr_ontime,min_pax,max_pax,avg_pax,std_pax,pct_ac_eqpd_bfr_flght,min_load_factor,max_load_factor,avg_load_factor,std_load_factor,pct_ac_type_321,pct_ac_type_739,pct_ac_type_320,pct_ac_type_738,pct_ac_type_717,pct_ac_type_75D,pct_ac_type_319,pct_ac_type_75Y,pct_ac_type_32W,pct_ac_type_221,pct_ac_type_764,pct_ac_type_76Z,pct_ac_type_75H,pct_ac_type_75S,pct_ac_type_333,pct_ac_type_75G,pct_ac_type_332,pct_ac_type_223,pct_dprt_ap_atl,pct_dprt_ap_dtw,pct_dprt_ap_msp,pct_dprt_ap_jfk,pct_dprt_ap_slc,pct_dprt_ap_lax,pct_dprt_ap_mco,pct_dprt_ap_lga,pct_dprt_ap_sea,pct_dprt_ap_rsw,pct_arr_ap_atl,pct_arr_ap_msp,pct_arr_ap_slc,pct_arr_ap_dtw,pct_arr_ap_lax,pct_arr_ap_mco,pct_arr_ap_sea,pct_arr_ap_jfk,pct_arr_ap_las,pct_arr_ap_tpa
2021-03-01,0.7333333333333333,0.4893617021276595,0.396551724137931,0.2206405693950178,0.4718309859154929,0.4805653710247349,0.38028169014084495,0.028169014084507005,0.5,0.5387323943661971,0.1684587813620071,0.6126760563380281,0.0677083333333333,0.4539007092198581,0.29,0.5053003533568905,-0.1492537313432835,-0.4553571428571428,0.3065693430656934,-0.76,0.3333333333333333,285.0,5.0,0.7894736842105263,0.7676753390865567,1.0,0.0175438596491228,0.312280701754386,0.4245614035087719,0.0,0.34385964912280703,4.0,0.2210526315789473,0.4385964912280701,0.2140350877192982,0.1263157894736842,0.8175438596491228,0.1017543859649122,0.0385964912280701,0.031578947368421,0.0105263157894736,0.0982456140350877,0.1578947368421052,0.7438596491228069,0.0947368421052631,0.3824561403508772,1.0,262.0,25.30175438596491,32.36913246208358,153.0,10.504854368932039,16.63019515683138,0.7228070175438597,4.0,26.05,2403.99,221.67324894514772,232.50810938835826,205.0,133.0,4491.0,1007.2780487804878,662.8247748189724,-15.0,224.0,-0.8585365853658536,20.939794364892844,0.8780487804878049,0.8390243902439024,23.0,192.0,92.66341463414629,34.86119363441893,0.3804878048780488,20.909090909,80.672268908,59.77985648332197,11.946822418258867,0.1463414634146341,0.0878048780487804,0.0439024390243902,0.0536585365853658,0.3219512195121951,0.0048780487804878,0.0292682926829268,0.0292682926829268,0.0097560975609756,0.1121951219512195,0.0975609756097561,0.0146341463414634,0.0097560975609756,0.0048780487804878,0.0048780487804878,0.0,0.0,0.0292682926829268,0.1317073170731707,0.0829268292682926,0.0341463414634146,0.0341463414634146,0.0780487804878048,0.024390243902439,0.0341463414634146,0.0292682926829268,0.0048780487804878,0.0195121951219512,0.3609756097560975,0.0390243902439024,0.0926829268292682,0.0829268292682926,0.0390243902439024,0.0292682926829268,0.0,0.0195121951219512,0.0048780487804878,0.0146341463414634
2021-03-02,0.7415406767458603,0.5065123010130246,0.4539982803095442,0.1812907904278462,0.4956521739130435,0.4848265895953757,0.4284682080924855,0.1312184571016582,0.5509761388286334,0.558759913482336,0.2051282051282051,0.6856524873828407,0.1519699812382739,0.4527075812274368,0.3175965665236051,0.5323166303558461,-0.0805152979066022,-0.4610051993067591,0.2374301675977653,-0.7241379310344828,0.8,1389.0,6.0,0.7616990640748741,0.7789200340591952,1.0,0.0309575233981281,0.271418286537077,0.441324694024478,0.0,0.3628509719222462,10.0,0.2325413966882649,0.3686105111591072,0.2123830093592512,0.1857451403887689,0.7681785457163427,0.0979121670266378,0.0611951043916486,0.0518358531317494,0.0208783297336213,0.0496760259179265,0.1115910727141828,0.8387329013678906,0.1519078473722102,0.421886249100072,1.0,316.0,24.056875449964004,29.882798282116,150.0,8.850956696878146,11.644080837037055,0.714902807775378,8.0,4.65,1032.0,179.17924083769634,141.2174340741872,785.0,119.0,4491.0,1092.1592356687897,615.0467991729447,-23.0,157.0,-2.3974522292993634,13.438825630125256,0.8993630573248408,0.8878980891719745,21.0,214.0,88.37197452229297,35.0176592374296,0.3337579617834394,11.055276382,76.068376068,49.32198508822299,14.173674305996313,0.22165605095541396,0.1936305732484076,0.0980891719745223,0.0764331210191082,0.0777070063694267,0.0471337579617834,0.0535031847133758,0.0331210191082802,0.0242038216560509,0.0305732484076433,0.0242038216560509,0.0267515923566879,0.0203821656050955,0.0165605095541401,0.0178343949044585,0.0127388535031847,0.0076433121019108,0.0089171974522292,0.12993630573248402,0.0777070063694267,0.0904458598726114,0.0394904458598726,0.0445859872611464,0.043312101910827995,0.0394904458598726,0.0242038216560509,0.0254777070063694,0.0229299363057324,0.3159235668789809,0.0700636942675159,0.0777070063694267,0.0764331210191082,0.0305732484076433,0.0292993630573248,0.0229299363057324,0.0242038216560509,0.021656050955413998,0.0229299363057324
2021-03-03,0.7213414634146341,0.4969325153374233,0.4337606837606838,0.2234499693063229,0.4944987775061125,0.5039706780696396,0.4089242053789731,0.0995115995115995,0.5259938837920489,0.5268620268620269,0.1715170278637771,0.6485661989017694,0.1840062111801242,0.4648318042813456,0.375,0.5273509526736324,-0.0532178217821782,-0.4627395315826828,0.2617370892018779,-0.7943262411347518,0.625,1640.0,4.0,0.7329268292682927,0.7163317302653412,1.0,0.0347560975609756,0.2542682926829268,0.4457317073170732,0.0,0.3597560975609756,14.0,0.2640243902439024,0.3786585365853658,0.1969512195121951,0.1585365853658536,0.7987804878048781,0.0847560975609756,0.0463414634146341,0.05,0.0201219512195121,0.0548780487804878,0.1042682926829268,0.8408536585365853,0.1292682926829268,0.37439024390243897,1.0,322.0,23.98048780487805,26.975226195824533,277.0,7.857605177993528,12.646003625710346,0.7536585365853659,20.0,22.33,1679.99,183.64234089246528,161.0631383788451,872.0,119.0,4491.0,1060.3784403669724,609.5377623361436,-21.0,212.0,-2.0091743119266057,14.950815904744825,0.8899082568807339,0.9128440366972476,17.0,223.0,93.7901376146789,32.596594864592,0.3795871559633027,10.625,76.109215017,52.94674216726487,13.215964826289728,0.2224770642201834,0.1915137614678899,0.0986238532110091,0.0791284403669724,0.0860091743119266,0.0481651376146789,0.0516055045871559,0.0252293577981651,0.0332568807339449,0.0321100917431192,0.0263761467889908,0.021788990825688002,0.0160550458715596,0.0126146788990825,0.0229357798165137,0.0114678899082568,0.0057339449541284,0.0080275229357798,0.1708715596330275,0.0802752293577981,0.0768348623853211,0.040137614678899,0.0493119266055045,0.0286697247706422,0.0344036697247706,0.0286697247706422,0.021788990825688002,0.0194954128440367,0.3027522935779816,0.0676605504587156,0.0756880733944954,0.0711009174311926,0.0298165137614678,0.0355504587155963,0.0240825688073394,0.0275229357798165,0.021788990825688002,0.0252293577981651
2021-03-04,0.7444271643338517,0.5283411336453459,0.4821867321867322,0.2176409185803758,0.5270833333333333,0.5059802392095684,0.4360041623309053,0.1169438669438669,0.5460218408736349,0.5617219917012448,0.20966894377299,0.6935064935064935,0.2057105775470473,0.5075481520041645,0.3518225039619651,0.5738045738045738,-0.0768398268398268,-0.4261398176291793,0.309989701338826,-0.6918918918918919,0.6,1929.0,5.0,0.6464489372731985,0.6843228833849064,0.0,0.0331778123379989,0.2332814930015552,0.4779678589942975,0.0,0.3317781233799896,14.0,0.2555728356661482,0.3945049248315189,0.1954380508035251,0.1544841886988076,0.7921202695697253,0.0938310005184033,0.0482115085536547,0.0476931052358735,0.0181441161223431,0.0414722654224987,0.0870917573872472,0.871435977190254,0.1249351995852773,0.39709694142042495,1.0,316.0,24.048211508553656,24.509911158229176,129.0,5.7514638906961615,7.02771018331953,0.7967858994297563,16.0,15.04,1264.19,182.94089440993787,145.26625125594057,1041.0,119.0,4491.0,1074.030739673391,625.7054534194018,-18.0,288.0,-1.5869356388088376,16.27428310853708,0.8760806916426513,0.9000960614793467,10.0,221.0,96.13832853025936,32.812903194469946,0.3592699327569644,7.575757575800001,77.35042735,54.801604280514155,13.463912197635336,0.2046109510086455,0.1873198847262248,0.0845341018251681,0.1056676272814601,0.0749279538904899,0.0384245917387127,0.0701248799231508,0.0259365994236311,0.0326609029779058,0.0365033621517771,0.0278578290105667,0.0220941402497598,0.0182516810758885,0.0163304514889529,0.0201729106628242,0.010566762728146,0.0096061479346781,0.0096061479346781,0.1585014409221902,0.0826128722382324,0.0749279538904899,0.0393852065321806,0.0595581171950048,0.0413064361191162,0.0278578290105667,0.0259365994236311,0.0288184438040345,0.021133525456292,0.2949087415946205,0.0682036503362151,0.0874159462055715,0.0537944284341978,0.0268972142170989,0.0384245917387127,0.0259365994236311,0.0259365994236311,0.0240153698366954,0.0268972142170989
2021-03-05,0.7391084093211753,0.5188008130081301,0.5002967359050445,0.2363450740173558,0.5145185939887926,0.4941653982749873,0.4382308083375699,0.1694571283612379,0.5459624174707973,0.5564598168870803,0.2183316168898043,0.6641260162601627,0.2176470588235294,0.5152129817444219,0.3746268656716418,0.5510411376333164,-0.0652849740932642,-0.3814064362336114,0.2754491017964072,-0.7526881720430108,0.5,1974.0,5.0,0.6241134751773051,0.6943009620769535,0.0,0.0263424518743667,0.2396149949341438,0.4599797365754812,0.0005065856129685,0.3166160081053698,16.0,0.2659574468085106,0.3936170212765957,0.1919959473150962,0.1474164133738602,0.7892603850050659,0.0851063829787234,0.0521783181357649,0.0542046605876393,0.0192502532928064,0.0420466058763931,0.0891590678824721,0.8687943262411347,0.1210739614994934,0.3728470111448835,1.0,308.0,22.94326241134752,25.02045433276093,275.0,5.691318327974278,8.918905087061566,0.7877406281661601,18.0,4.0,1730.12,184.0843613138686,153.51346625539543,1120.0,119.0,4491.0,1053.025892857143,622.4681811185303,-21.0,227.0,-0.8821428571428571,17.26227381548373,0.86875,0.85,19.0,222.0,96.87410714285713,31.37466019180377,0.375,10.555555556,84.545454545,56.07771590119732,12.772100362789626,0.2053571428571428,0.1883928571428571,0.0589285714285714,0.09375,0.1017857142857142,0.0473214285714285,0.0705357142857142,0.0321428571428571,0.0348214285714285,0.0419642857142857,0.025,0.0142857142857142,0.0205357142857142,0.0160714285714285,0.0151785714285714,0.0125,0.00625,0.0098214285714285,0.1723214285714285,0.0758928571428571,0.0767857142857142,0.0330357142857142,0.0571428571428571,0.0366071428571428,0.0366071428571428,0.0214285714285714,0.0294642857142857,0.0214285714285714,0.2982142857142857,0.0678571428571428,0.075,0.0625,0.0410714285714285,0.0294642857142857,0.0303571428571428,0.0223214285714285,0.0205357142857142,0.0178571428571428
2021-03-06,0.7406230133502861,0.5111964171465131,0.4736842105263157,0.2325878594249201,0.5031887755102041,0.4653087205601527,0.4301212507977026,0.1375796178343949,0.5768985322271857,0.5292620865139949,0.1976668826960466,0.6711281070745698,0.2364810330912025,0.5035098915124442,0.3696498054474708,0.5580357142857143,0.0191458026509572,-0.4268567141785446,0.24331210191082805,-0.6853146853146853,0.5,1573.0,5.0,0.7603305785123967,0.7627810991052056,1.0,0.0343293070565797,0.2549268912905276,0.4272091544818817,0.0,0.3216783216783216,18.0,0.2549268912905276,0.3979656706929434,0.1691036236490782,0.1773680864589955,0.8169103623649078,0.0750158931977113,0.0425937698664971,0.0483153210425937,0.0171646535282898,0.0305149396058486,0.0572155117609663,0.912269548633185,0.1602034329307056,0.3750794659885569,1.0,318.0,26.7972027972028,33.490934435630464,143.0,8.289198606271777,10.396665771554042,0.729815638906548,26.0,22.33,3891.08,196.9359090909091,194.95913737618716,866.0,119.0,4491.0,1112.45727482679,642.0503725031309,-20.0,174.0,-1.2967667436489607,14.97916591467248,0.871824480369515,0.8648960739030023,11.0,222.0,98.88337182448036,35.509979392826025,0.3741339491916859,5.527638191,77.725118483,55.71499266247381,13.196671811784775,0.2147806004618937,0.1859122401847575,0.0900692840646651,0.0750577367205542,0.0854503464203233,0.0484988452655889,0.0658198614318706,0.0277136258660508,0.0288683602771362,0.0392609699769053,0.0277136258660508,0.0196304849884526,0.0173210161662817,0.0196304849884526,0.0196304849884526,0.0115473441108545,0.0080831408775981,0.0034642032332563,0.1466512702078521,0.0658198614318706,0.0877598152424942,0.0300230946882217,0.0484988452655889,0.033487297921478,0.0277136258660508,0.0311778290993071,0.0288683602771362,0.0265588914549653,0.3048498845265588,0.0762124711316397,0.0762124711316397,0.0669745958429561,0.0323325635103926,0.0346420323325635,0.0288683602771362,0.0242494226327944,0.0265588914549653,0.023094688221709
2021-03-07,0.7015895953757225,0.479739507959479,0.4369602763385147,0.2042151162790697,0.494553376906318,0.4678235719450471,0.3856729377713458,0.1012292118582791,0.5050798258345428,0.5285610990600145,0.1479289940828402,0.6541244573082489,0.2085222121486854,0.4811594202898551,0.3708609271523179,0.5177664974619289,-0.0497667185069984,-0.4478371501272264,0.2626404494382022,-0.7948717948717948,0.4,1384.0,4.0,0.7521676300578035,0.7432479858089968,1.0,0.0382947976878612,0.2196531791907514,0.4739884393063583,0.0007225433526011,0.3359826589595375,18.0,0.236271676300578,0.4104046242774566,0.1734104046242774,0.1777456647398844,0.7673410404624278,0.0953757225433526,0.0570809248554913,0.0541907514450867,0.0260115606936416,0.0498554913294797,0.1322254335260115,0.8179190751445087,0.1380057803468208,0.3822254335260115,1.0,314.0,21.892341040462426,25.583811748502445,156.0,6.877755511022045,8.174322284248706,0.7210982658959537,17.0,22.14,9522.4,213.6473120138289,320.02346319520086,831.0,119.0,3963.0,1077.9711191335741,608.8879032161524,-18.0,278.0,0.8086642599277978,26.862985184690967,0.8580024067388689,0.8447653429602888,20.0,221.0,101.66425992779786,32.72708116514803,0.4079422382671479,12.041884817,76.890756303,57.97137754598795,11.694539728244429,0.2021660649819494,0.197352587244284,0.0818291215403128,0.0962695547533092,0.0842358604091456,0.0445246690734055,0.075812274368231,0.0240673886883273,0.0348977135980746,0.0361010830324909,0.0252707581227436,0.0192539109506618,0.0180505415162454,0.0120336943441636,0.0180505415162454,0.0096269554753309,0.0048134777376654,0.0060168471720818,0.151624548736462,0.0661853188929001,0.098676293622142,0.0336943441636582,0.0565583634175691,0.0312876052948255,0.02647412755716,0.0276774969915764,0.02647412755716,0.0240673886883273,0.3068592057761732,0.0649819494584837,0.0782190132370637,0.0565583634175691,0.0385078219013237,0.03971119133574,0.0385078219013237,0.0192539109506618,0.0192539109506618,0.02647412755716
2021-03-08,0.7448591012947449,0.5172149961744453,0.4804270462633452,0.2546153846153846,0.503062787136294,0.5038226299694191,0.4239877769289534,0.1442748091603053,0.5569136745607334,0.5931297709923664,0.2317829457364341,0.6577743902439024,0.1970731707317073,0.4984732824427481,0.44874715261959003,0.558868501529052,-0.0354391371340523,-0.4478976234003656,0.2958748221906117,-0.7807017543859649,0.8333333333333334,1313.0,5.0,0.6854531607006854,0.7044567160324676,1.0,0.0357958872810358,0.2391469916222391,0.4889565879664889,0.0,0.3655750190403656,8.0,0.23000761614623005,0.3731911652703732,0.20106626047220105,0.1957349581111957,0.7501904036557502,0.0868240670220868,0.0693069306930693,0.0525514089870525,0.0411271896420411,0.0799695354150799,0.1744097486671744,0.7456207159177456,0.1386138613861386,0.3975628332063975,1.0,318.0,19.983244478293983,24.28749350982368,157.0,6.578400830737277,8.80906443108563,0.7334348819497334,12.0,22.33,4568.0,202.79791964285718,223.54751200962863,860.0,119.0,2988.0,1076.6023255813955,612.4015076024829,-22.0,198.0,-0.1267441860465116,20.52526722706429,0.8558139534883721,0.8488372093023255,13.0,219.0,93.4593023255814,34.209917881638454,0.3790697674418604,9.424083769600001,87.81512605,53.19602682405075,13.61656014182673,0.1883720930232558,0.21395348837209305,0.0953488372093023,0.0860465116279069,0.0872093023255814,0.0441860465116279,0.0651162790697674,0.0232558139534883,0.0302325581395348,0.0325581395348837,0.0174418604651162,0.0267441860465116,0.0197674418604651,0.0186046511627906,0.0197674418604651,0.0093023255813953,0.0069767441860465,0.0081395348837209,0.1337209302325581,0.0674418604651162,0.0802325581395348,0.0290697674418604,0.0430232558139534,0.0313953488372093,0.0348837209302325,0.027906976744186004,0.0290697674418604,0.0220930232558139,0.3209302325581395,0.077906976744186,0.0709302325581395,0.0697674418604651,0.0302325581395348,0.0337209302325581,0.0313953488372093,0.0337209302325581,0.0209302325581395,0.027906976744186004
2021-03-09,0.7897398843930635,0.5590379008746356,0.4961173425366695,0.2942461762563729,0.5500725689404935,0.5285610990600145,0.4545454545454545,0.1646120377084844,0.6121562952243126,0.6316931982633864,0.2548005908419498,0.7135605511240029,0.2179132040627885,0.5242929659173314,0.3939393939393939,0.6055112400290066,-0.0596330275229357,-0.4385521885521885,0.2861150070126227,-0.6826923076923077,0.4285714285714285,1384.0,6.0,0.7109826589595376,0.7227293530107997,1.0,0.028179190751445,0.2442196531791907,0.4566473988439306,0.0,0.3562138728323699,9.0,0.2478323699421965,0.3872832369942196,0.1835260115606936,0.1813583815028902,0.8049132947976878,0.0751445086705202,0.0469653179190751,0.0447976878612716,0.028179190751445,0.0541907514450867,0.1271676300578034,0.8186416184971098,0.1293352601156069,0.3901734104046243,1.0,331.0,24.724710982658962,30.953094863403354,120.0,7.947162426614481,9.994079872042898,0.7384393063583815,13.0,22.33,2057.01,182.18908771929824,172.5132783393245,787.0,119.0,4491.0,1075.8500635324017,616.0604567705236,-20.0,145.0,-3.7090216010165182,10.185703568434104,0.9199491740787802,0.9390088945362136,9.0,217.0,85.82592121982209,33.48743927686963,0.4040660736975858,6.8181818182,76.068376068,48.502053989796934,13.931521419077725,0.2160101651842439,0.1893265565438373,0.0940279542566709,0.0825921219822109,0.0864040660736975,0.0495552731893265,0.0660736975857687,0.0330368487928843,0.0241423125794155,0.025412960609911002,0.0216010165184243,0.0190597204574332,0.0203303684879288,0.0190597204574332,0.0190597204574332,0.0063532401524777,0.0088945362134688,0.013977128335450999,0.1537484116899618,0.0775095298602287,0.0724269377382465,0.0343074968233799,0.0520965692503176,0.0343074968233799,0.0355781448538754,0.0216010165184243,0.0228716645489199,0.025412960609911002,0.30114358322744605,0.0698856416772554,0.0825921219822109,0.0698856416772554,0.0292249047013977,0.0317662007623888,0.0343074968233799,0.0266836086404066,0.0203303684879288,0.0241423125794155
2021-03-10,0.7284980744544287,0.5016118633139911,0.4216054013503376,0.223156532988357,0.502262443438914,0.4961439588688946,0.4157014157014157,0.1266066838046272,0.5550547327752736,0.5759330759330761,0.2110091743119266,0.6486486486486487,0.1923076923076923,0.4932301740812379,0.3454198473282442,0.5748387096774193,-0.047361299052774,-0.4269319051262433,0.2304785894206549,-0.7166666666666667,0.7142857142857143,1558.0,5.0,0.7169448010269577,0.7105827514527061,1.0,0.0263157894736842,0.2560975609756097,0.4518613607188703,0.0006418485237483,0.3549422336328626,5.0,0.2580231065468549,0.3754813863928113,0.2041078305519897,0.16238767650834401,0.7836970474967908,0.0847240051347881,0.0545571245186136,0.0545571245186136,0.0224646983311938,0.0526315789473684,0.0930680359435173,0.8543003851091142,0.1245186136071887,0.3940949935815148,1.0,322.0,26.28883183568678,29.86467041990624,143.0,7.462248322147652,9.866969943422188,0.7650834403080873,25.0,16.28,2517.0,191.67527950310557,190.861732162218,884.0,119.0,4491.0,1083.0701357466064,628.5738082739372,-16.0,267.0,-2.438914027149321,14.653556858461087,0.8902714932126696,0.8902714932126696,11.0,222.0,94.48076923076924,33.41639341547778,0.4185520361990949,6.5476190476,77.31092437,53.10462233269181,12.615351812894671,0.2341628959276018,0.17307692307692302,0.08710407239819,0.08823529411764698,0.0825791855203619,0.0429864253393665,0.0701357466063348,0.0350678733031674,0.0248868778280542,0.0248868778280542,0.0294117647058823,0.0180995475113122,0.0248868778280542,0.0203619909502262,0.0192307692307692,0.004524886877828,0.0113122171945701,0.005656108597285,0.1493212669683258,0.08710407239819,0.0780542986425339,0.0373303167420814,0.0509049773755656,0.0294117647058823,0.0316742081447963,0.0260180995475113,0.0328054298642533,0.0214932126696832,0.3099547511312217,0.0678733031674208,0.0701357466063348,0.0656108597285067,0.0395927601809954,0.0395927601809954,0.0294117647058823,0.0248868778280542,0.0226244343891402,0.0248868778280542
2021-03-11,0.7177033492822966,0.5038498556304138,0.4312184166198765,0.2152878567972907,0.4725168756027001,0.4848920863309353,0.4131477927063339,0.1375838926174496,0.5266955266955267,0.5408261287223823,0.1712895377128953,0.6302884615384615,0.1622780159216166,0.4848920863309353,0.2846270928462709,0.5329802599903707,-0.0951913640824337,-0.42156303479749,0.2686145146088595,-0.7724867724867724,0.8571428571428571,2090.0,5.0,0.6789473684210526,0.7074701198082542,1.0,0.0200956937799043,0.2502392344497607,0.4779904306220096,0.0,0.3301435406698564,17.0,0.2488038277511961,0.3913875598086124,0.2043062200956937,0.1555023923444976,0.7947368421052632,0.085645933014354,0.0492822966507177,0.0516746411483253,0.0186602870813397,0.0368421052631578,0.084688995215311,0.8784688995215311,0.1296650717703349,0.3784688995215311,1.0,316.0,25.091387559808606,26.767974057163467,252.0,6.440526001195457,10.052325195118812,0.8004784688995216,24.0,22.33,4226.76,195.6098892773893,213.3502360548318,1107.0,119.0,4491.0,1061.3956639566395,622.143640562962,-21.0,249.0,-2.2222222222222223,13.89164127841189,0.8897922312556459,0.8355916892502259,14.0,222.0,98.8934056007227,32.935377323483344,0.4372177055103884,7.7777777778,76.890756303,56.52438749582779,12.524764172549624,0.2086720867208672,0.1915085817524842,0.08039747064137301,0.1038843721770551,0.08039747064137301,0.037940379403794,0.06865401987353201,0.030713640469738,0.03613369467028,0.037940379403794,0.023486901535682003,0.016260162601626,0.018970189701897,0.01806684733514,0.015356820234869,0.008130081300813,0.00903342366757,0.009936766034327,0.1752484191508581,0.077687443541102,0.077687443541102,0.030713640469738,0.055103884372177,0.034327009936766004,0.029810298102981,0.024390243902439,0.024390243902439,0.01806684733514,0.2863595302619693,0.06052393857271901,0.083107497741644,0.061427280939476,0.037940379403794,0.03613369467028,0.034327009936766004,0.024390243902439,0.025293586269196,0.025293586269196
2021-03-12,0.7284011916583912,0.4783042394014962,0.4421052631578947,0.1805416248746238,0.4641076769690927,0.47260956175298796,0.3898305084745763,0.1203381402287419,0.5166583789159622,0.5584868093578895,0.1624493927125506,0.6155378486055777,0.1520794537554314,0.4603491271820449,0.3269513991163476,0.5473107569721115,-0.1143451143451143,-0.4448377581120944,0.2695829094608342,-0.7127659574468085,0.375,2014.0,5.0,0.641012909632572,0.6889419426410546,0.0,0.0278053624627606,0.2293942403177755,0.4771598808341609,0.0014895729890764,0.3212512413108242,24.0,0.27259185700099303,0.3887785501489573,0.1777557100297914,0.160377358490566,0.7999006951340616,0.0734856007944389,0.061072492552135,0.0436941410129096,0.0218470705064548,0.0327706057596822,0.0744786494538232,0.8927507447864945,0.1375372393247269,0.3932472691161867,1.0,330.0,24.899702085402183,26.15768359846837,180.0,5.83,7.0510405780473855,0.7944389275074478,15.0,16.23,1930.1,198.0615342960289,176.95638032742337,1080.0,133.0,4491.0,1055.9351851851852,627.5422597181207,-20.0,323.0,-0.0861111111111111,22.58919077802875,0.8574074074074074,0.8222222222222222,22.0,232.0,105.24074074074076,30.80407468273788,0.3990740740740741,20.0,79.180887372,60.250073052936116,9.774280730692187,0.2,0.1972222222222222,0.0833333333333333,0.1,0.0796296296296296,0.0379629629629629,0.0675925925925925,0.0324074074074074,0.0324074074074074,0.0407407407407407,0.0259259259259259,0.0148148148148148,0.0212962962962962,0.0175925925925925,0.0185185185185185,0.0074074074074074,0.0064814814814814,0.012037037037036999,0.1592592592592592,0.0805555555555555,0.0722222222222222,0.0361111111111111,0.0527777777777777,0.037037037037037,0.0342592592592592,0.025,0.0287037037037037,0.0185185185185185,0.3037037037037037,0.0648148148148148,0.0712962962962963,0.062037037037037016,0.049074074074074,0.0361111111111111,0.0314814814814814,0.0277777777777777,0.0222222222222222,0.0222222222222222
2021-03-13,0.7045033929673041,0.4947237740533829,0.4611474219317356,0.1986258588382261,0.4882280049566295,0.4582560296846011,0.4076827757125155,0.1650185414091471,0.5320987654320988,0.5188854489164086,0.1774294670846395,0.6251548946716233,0.2010997643362136,0.4848297213622291,0.3117546848381601,0.5390334572490706,-0.0437158469945355,-0.4361233480176211,0.2592592592592592,-0.7814207650273224,0.6,1621.0,9.0,0.7649599012954966,0.7582670798870828,1.0,0.0314620604565083,0.2461443553362122,0.4003701418877236,0.0006169031462059999,0.3763109191856878,19.0,0.2393584207279457,0.4133251079580506,0.1776681061073411,0.1690314620604565,0.8149290561381863,0.0746452806909315,0.054904380012337994,0.0345465761875385,0.0209747069710055,0.0240592227020357,0.0641579272054287,0.9117828500925356,0.1536088834053053,0.3806292412091301,1.0,323.0,28.455891425046268,30.973984466427197,153.0,8.051882845188285,8.556873639678555,0.7371992597162246,38.0,5.6,6568.5,223.6279659763313,260.92612480660586,900.0,119.0,3963.0,1076.3944444444444,620.1809927898646,-18.0,303.0,1.3677777777777778,25.203008135596274,0.8366666666666667,0.7977777777777778,19.0,222.0,105.65,33.09481356958798,0.3988888888888889,14.615384615,79.48717948699999,59.84991505284443,10.43325912472974,0.2055555555555555,0.1888888888888888,0.0888888888888888,0.0955555555555555,0.0922222222222222,0.0444444444444444,0.0588888888888888,0.0322222222222222,0.0233333333333333,0.0277777777777777,0.0177777777777777,0.02,0.0222222222222222,0.0222222222222222,0.0233333333333333,0.01,0.01,0.0122222222222222,0.14,0.0688888888888888,0.08,0.04,0.0522222222222222,0.0344444444444444,0.0333333333333333,0.0244444444444444,0.0322222222222222,0.0222222222222222,0.32,0.0655555555555555,0.0711111111111111,0.0666666666666666,0.0388888888888888,0.0366666666666666,0.0266666666666666,0.0233333333333333,0.0188888888888888,0.0266666666666666
2021-03-14,0.6861365235749473,0.465017667844523,0.2582278481012658,0.1413427561837456,0.4688385269121813,0.42394366197183103,0.3812544045102184,0.1064880112834978,0.4700493305144468,0.4697183098591549,0.11167146974063401,0.5997181113460183,0.1734875444839857,0.4401981599433828,0.2634989200863931,0.4982357092448836,-0.0690161527165932,-0.4811083123425693,0.2242090784044016,-0.8205128205128205,0.6666666666666666,1421.0,5.0,0.7353976073187896,0.7347077124836808,1.0,0.0302603800140745,0.2251935256861365,0.4616467276565799,0.0014074595355383,0.3694581280788177,23.0,0.1984517945109078,0.4152005629838142,0.2083040112596763,0.1759324419422941,0.7607318789584799,0.0942997888810696,0.0570021111893033,0.0612244897959183,0.0267417311752287,0.0485573539760731,0.1168191414496833,0.8346235045742435,0.1337086558761435,0.4095707248416608,1.0,273.0,23.38282899366644,22.603778523522468,113.0,7.245136186770427,8.6090137360915,0.7234342012667135,11.0,22.33,2704.67,230.87742807323448,210.9218648091011,882.0,119.0,4491.0,1103.5827664399094,654.3481289387834,-16.0,242.0,2.196145124716553,23.15821972061275,0.808390022675737,0.8061224489795918,15.0,222.0,108.69614512471657,31.26196600675888,0.3979591836734694,11.363636364000001,82.575757576,61.94095927753509,9.432679640309818,0.1984126984126984,0.1655328798185941,0.0963718820861678,0.1020408163265306,0.0793650793650793,0.0498866213151927,0.0736961451247165,0.0362811791383219,0.0317460317460317,0.0362811791383219,0.0260770975056689,0.0181405895691609,0.0181405895691609,0.0181405895691609,0.0136054421768707,0.0090702947845804,0.0079365079365079,0.0056689342403628,0.1428571428571428,0.0725623582766439,0.0770975056689342,0.0374149659863945,0.0419501133786848,0.0430839002267573,0.0362811791383219,0.0238095238095238,0.0249433106575963,0.0226757369614512,0.3151927437641723,0.06462585034013599,0.0736961451247165,0.0578231292517006,0.0362811791383219,0.0362811791383219,0.0351473922902494,0.0317460317460317,0.0226757369614512,0.0204081632653061
2021-03-15,0.7265547877591313,0.5069306930693069,0.4313953488372093,0.2270916334661354,0.4583333333333333,0.4797630799605133,0.42956349206349204,0.1047430830039525,0.5237154150197628,0.541501976284585,0.1821821821821821,0.5867195242814668,0.1778350515463917,0.4688427299703264,0.3254437869822485,0.5620655412115194,-0.0522243713733075,-0.4424673784104389,0.2807017543859649,-0.6,0.0,1013.0,4.0,0.7305034550839091,0.7408382732236706,1.0,0.0088845014807502,0.2122408687068114,0.3711747285291214,0.0,0.3603158933859822,1.0,0.2458045409674235,0.3879565646594274,0.1846001974333662,0.1816386969397828,0.7591312931885489,0.0799605133267522,0.0602171767028627,0.0661401776900296,0.0345508390918065,0.067127344521224,0.1589338598223099,0.7739387956564658,0.1263573543928924,0.3800592300098717,1.0,152.0,20.85389930898322,21.070331526815863,298.0,8.195054945054945,18.296514734814068,0.7186574531095755,25.0,11.0,1555.0,212.6892281105991,183.6119988797614,668.0,119.0,2988.0,1043.1631736526947,591.8916302585487,-19.0,240.0,-1.276946107784431,15.304787786522718,0.8742514970059879,0.8323353293413174,15.0,222.0,102.11077844311376,33.230145685832674,0.4041916167664671,9.375,77.31092437,57.93959424287063,11.954153500911325,0.2155688622754491,0.1901197604790419,0.0883233532934131,0.1092814371257485,0.0868263473053892,0.0329341317365269,0.0703592814371257,0.0389221556886227,0.0314371257485029,0.0239520958083832,0.0209580838323353,0.0224550898203592,0.0104790419161676,0.0119760479041916,0.0179640718562874,0.0044910179640718,0.0074850299401197,0.0074850299401197,0.1287425149700598,0.0703592814371257,0.0703592814371257,0.029940119760479,0.0359281437125748,0.0389221556886227,0.0479041916167664,0.0194610778443113,0.029940119760479,0.0254491017964071,0.342814371257485,0.0793413173652694,0.0973053892215568,0.0568862275449101,0.0329341317365269,0.0329341317365269,0.0329341317365269,0.0329341317365269,0.0179640718562874,0.0224550898203592
2021-03-16,0.7378854625550659,0.5217071376011774,0.4644464446444644,0.2115384615384615,0.4660766961651917,0.4860294117647059,0.4315169366715758,0.1199411331861663,0.5547391623806025,0.5584988962472406,0.2010463378176382,0.6195732155997057,0.1852216748768473,0.4752767527675277,0.3624161073825503,0.5696389093588798,0.012965964343598,-0.4460869565217391,0.2359882005899705,-0.5968992248062015,1.0,1362.0,4.0,0.7276064610866373,0.688918263683078,1.0,0.0073421439060205,0.2386196769456681,0.4243759177679883,0.0,0.3986784140969163,0.0,0.2327459618208517,0.3994126284875183,0.1953010279001468,0.1725403817914831,0.7826725403817915,0.0873715124816446,0.0513950073421439,0.052863436123348,0.0256975036710719,0.0433186490455212,0.1233480176211453,0.8333333333333334,0.1299559471365639,0.4001468428781204,1.0,311.0,25.28193832599119,30.11637647564268,177.0,8.839231547017189,13.575603185053401,0.7261380323054332,21.0,22.33,3583.89,199.66415480427048,218.38757723578186,781.0,119.0,4491.0,1039.5544174135723,601.5289546255423,-17.0,146.0,-0.4327784891165173,15.378211395726073,0.8463508322663252,0.8079385403329066,18.0,220.0,95.96927016645328,32.701745865806444,0.4212548015364917,9.424083769600001,83.61344537800001,54.123205891751155,12.400635336994775,0.2291933418693982,0.1907810499359795,0.0921895006402048,0.0819462227912932,0.0909090909090909,0.0358514724711907,0.057618437900128,0.0396927016645326,0.0345710627400768,0.0256081946222791,0.0243277848911651,0.0166453265044814,0.0204865556978233,0.0153649167733674,0.0192061459667093,0.0102432778489116,0.0038412291933418,0.0064020486555697,0.1434058898847631,0.0717029449423815,0.0640204865556978,0.0320102432778489,0.0460947503201024,0.0320102432778489,0.0409731113956466,0.0256081946222791,0.0256081946222791,0.0243277848911651,0.3329065300896286,0.0768245838668373,0.0717029449423815,0.0691421254801536,0.0460947503201024,0.0307298335467349,0.0256081946222791,0.028169014084507005,0.0192061459667093,0.0204865556978233
2021-03-17,0.7072829131652661,0.5158116654954322,0.4536423841059602,0.1391242937853107,0.4647887323943662,0.4722417427969079,0.4240506329113924,0.1358198451794511,0.5333333333333333,0.5382456140350877,0.1583806818181818,0.5748418833450457,0.1087557603686635,0.4778636683063949,0.3224400871459695,0.5418130709768095,-0.1225114854517611,-0.4208754208754209,0.2044506258692628,-0.7412587412587412,0.0,1428.0,4.0,0.726890756302521,0.7011290299073526,1.0,0.0049019607843137,0.2156862745098039,0.430672268907563,0.0,0.3774509803921568,4.0,0.2436974789915966,0.3753501400560224,0.2100840336134453,0.1701680672268907,0.7759103641456583,0.0924369747899159,0.0553221288515406,0.0532212885154061,0.0231092436974789,0.0525210084033613,0.0924369747899159,0.8550420168067226,0.1400560224089636,0.3935574229691876,1.0,304.0,25.992296918767508,27.5529294449678,166.0,7.882352941176473,11.30987396207106,0.75,32.0,17.86,6835.13,206.46120067170443,320.9593950534786,827.0,119.0,4491.0,1055.6384522370013,619.9877672944002,-18.0,305.0,1.5562273276904477,25.856002235637217,0.8295042321644498,0.7569528415961306,24.0,221.0,97.41837968561063,31.827266102970892,0.366384522370012,14.659685864,76.890756303,55.722189003710916,11.568582727736732,0.2079806529625151,0.1898428053204353,0.1003627569528416,0.0810157194679564,0.0834340991535671,0.0362756952841596,0.0810157194679564,0.030229746070133002,0.0278113663845223,0.0326481257557436,0.0217654171704957,0.0145102781136638,0.0217654171704957,0.0217654171704957,0.0169286577992744,0.0108827085852478,0.0084643288996372,0.0072551390568319,0.151148730350665,0.090689238210399,0.0665054413542926,0.0362756952841596,0.0459492140266021,0.0290205562273276,0.0314389359129383,0.022974607013301,0.0362756952841596,0.0217654171704957,0.3107617896009673,0.0689238210399032,0.0725513905683192,0.0616686819830713,0.0435308343409915,0.0241837968561064,0.0314389359129383,0.0350665054413542,0.0181378476420798,0.0205562273276904
2021-03-18,0.6948212083847103,0.4826517967781908,0.430635838150289,0.1455223880597015,0.4141351518908865,0.4283065512978986,0.3890954151177199,0.0976514215080346,0.4910327767470624,0.5111248454882571,0.1525851197982345,0.530030959752322,0.1314935064935065,0.4339739615623063,0.2998102466793169,0.5065096094234346,-0.0930537352555701,-0.43385070214338506,0.2371794871794871,-0.7388535031847133,0.0,1622.0,7.0,0.6516646115906288,0.6884033263709647,0.0,0.002466091245376,0.2299630086313193,0.4136868064118372,0.0,0.3014796547472256,1.0,0.2595561035758323,0.4143033292231812,0.1775585696670776,0.1485819975339087,0.7903822441430333,0.0900123304562268,0.0554870530209617,0.0462392108508014,0.0178791615289765,0.0382244143033292,0.0795314426633785,0.8822441430332922,0.12577065351418,0.3871763255240444,1.0,243.0,25.67016029593095,22.09977564930775,95.0,5.8272583201267825,5.939714472973441,0.7780517879161529,25.0,11.71,1675.0,196.40977372262776,178.84052434341797,915.0,119.0,4491.0,1076.3989071038252,631.4953419917117,-15.0,253.0,1.0502732240437158,19.552423149557672,0.7846994535519126,0.7409836065573772,17.0,222.0,102.41967213114755,30.91349626835374,0.3956284153005464,10.828025477999999,81.415929204,59.11292169660538,10.691769681615716,0.2087431693989071,0.1803278688524589,0.0852459016393442,0.1027322404371584,0.0841530054644808,0.0371584699453551,0.0765027322404371,0.0251366120218579,0.0306010928961748,0.0426229508196721,0.0240437158469945,0.0196721311475409,0.0174863387978142,0.0185792349726775,0.0185792349726775,0.0087431693989071,0.0065573770491803,0.0098360655737704,0.1595628415300546,0.0754098360655737,0.07322404371584701,0.0371584699453551,0.0469945355191256,0.0251366120218579,0.0306010928961748,0.0251366120218579,0.0327868852459016,0.0196721311475409,0.3125683060109289,0.0644808743169398,0.0808743169398907,0.0557377049180327,0.0415300546448087,0.0262295081967213,0.0316939890710382,0.0185792349726775,0.0229508196721311,0.0240437158469945
2021-03-19,0.7125799573560767,0.4727818259751393,0.4581060981655924,0.2043889845094664,0.4628914628914629,0.4413527397260274,0.3759623609923011,0.0979050876442924,0.4997856836690956,0.5318784766795036,0.1351586266840504,0.6488222698072805,0.1543478260869565,0.4563356164383562,0.3258278145695364,0.4991423670668953,-0.0677966101694915,-0.4394481349003576,0.2277825711820535,-0.7149758454106279,0.0,2345.0,5.0,0.6618336886993603,0.7061510932702035,0.0,0.0051172707889125,0.2200426439232409,0.4353944562899787,0.0,0.3275053304904051,7.0,0.2490405117270789,0.4200426439232409,0.1761194029850746,0.1547974413646055,0.7927505330490405,0.0831556503198294,0.0597014925373134,0.04136460554371,0.0230277185501066,0.0362473347547974,0.073773987206823,0.8899786780383795,0.1309168443496801,0.3803837953091684,1.0,325.0,25.434115138592748,25.18371127289422,321.0,6.296858071505959,11.040338006314233,0.7872068230277186,40.0,15.31,6057.01,220.39402506265662,276.8372968292686,1206.0,119.0,4491.0,1083.4096185737976,636.9712772229151,-17.0,235.0,-1.4021558872305142,13.45790900735949,0.8532338308457711,0.8590381426202321,26.0,222.0,106.39883913764513,29.25687007839461,0.4038142620232172,19.696969697,78.899082569,61.390786259621066,8.665111912271824,0.2064676616915423,0.1915422885572139,0.09369817578772804,0.1044776119402985,0.0887230514096185,0.0364842454394693,0.0679933665008291,0.0306799336650082,0.0215588723051409,0.0373134328358208,0.0265339966832504,0.0199004975124378,0.017412935323383002,0.017412935323383002,0.0140961857379767,0.0091210613598673,0.005804311774460999,0.0082918739635157,0.1791044776119403,0.0713101160862354,0.0754560530679933,0.0348258706467661,0.0555555555555555,0.0398009950248756,0.033167495854063,0.0265339966832504,0.0215588723051409,0.0182421227197346,0.2786069651741293,0.0638474295190713,0.0754560530679933,0.0621890547263681,0.0414593698175787,0.0323383084577114,0.0348258706467661,0.0265339966832504,0.0232172470978441,0.0190713101160862
2021-03-20,0.7302423603793466,0.5124404446797247,0.4418308963763509,0.2118959107806691,0.4976152623211446,0.4590163934426229,0.4267583289264939,0.1435356200527704,0.5182058047493404,0.5036919831223629,0.1664887940234792,0.6548812664907652,0.1638341264445955,0.4802110817941952,0.3446601941747573,0.5208663497094559,-0.0850574712643678,-0.4335839598997493,0.2519762845849802,-0.7062146892655368,0.5,1898.0,4.0,0.7976817702845099,0.7144527268387488,1.0,0.0084299262381454,0.2518440463645943,0.3677555321390938,0.0,0.3788198103266596,5.0,0.2302423603793466,0.4188619599578503,0.1749209694415174,0.1759747102212855,0.8113804004214963,0.0806111696522655,0.047945205479452004,0.0389884088514225,0.0210748155953635,0.0279241306638566,0.0590094836670179,0.9130663856691252,0.1570073761854583,0.3772391991570074,1.0,324.0,31.051106427818755,31.878426502353392,173.0,8.458363504706734,9.80619649934217,0.7276080084299262,53.0,22.14,5536.01,233.10952956134773,271.86969389241915,984.0,119.0,4491.0,1084.0457317073171,654.4295932450075,-17.0,185.0,-0.3790650406504065,16.676736458346912,0.8526422764227642,0.8607723577235772,21.0,222.0,108.03353658536585,32.10362629445465,0.3577235772357723,12.5,80.341880342,61.49413597073165,9.632714829849407,0.1941056910569105,0.1951219512195122,0.1026422764227642,0.0884146341463414,0.1006097560975609,0.0436991869918699,0.0477642276422764,0.0264227642276422,0.0233739837398373,0.0304878048780487,0.0304878048780487,0.0233739837398373,0.0172764227642276,0.0233739837398373,0.016260162601626,0.0152439024390243,0.0111788617886178,0.0071138211382113,0.165650406504065,0.073170731707317,0.08130081300813001,0.0436991869918699,0.0426829268292682,0.0396341463414634,0.0335365853658536,0.0233739837398373,0.0264227642276422,0.0111788617886178,0.3048780487804878,0.0548780487804878,0.0701219512195122,0.0670731707317073,0.0386178861788617,0.0335365853658536,0.0335365853658536,0.0274390243902439,0.0254065040650406,0.0233739837398373
2021-03-21,0.67302192564347,0.4574162679425837,0.3900226757369615,0.0995169082125603,0.4181818181818181,0.4013409961685824,0.3565965583173996,0.0916030534351145,0.4664750957854406,0.4703065134099617,0.0808179162609542,0.5688336520076482,0.1510883482714468,0.4388145315487571,0.3639240506329114,0.4947267497603068,-0.1264822134387351,-0.4582857142857143,0.2254335260115607,-0.6952380952380952,1.0,1049.0,7.0,0.7340324118207817,0.7696503635772408,1.0,0.0057197330791229,0.1954242135367016,0.4242135367016206,0.0009532888465204,0.3508102955195424,4.0,0.2430886558627264,0.4261201143946616,0.1715919923736892,0.1591992373689227,0.7721639656816015,0.0800762631077216,0.0686367969494756,0.0486177311725452,0.0305052430886558,0.0428979980934223,0.1344137273593899,0.8226882745471878,0.1229742612011439,0.3479504289799809,1.0,312.0,25.64632983794089,28.04079274208993,128.0,7.3292011019283745,9.294145056238298,0.6920877025738799,21.0,22.33,2197.2,252.9140135287486,240.7408069943081,684.0,119.0,4491.0,1111.40350877193,652.969666975886,-15.0,369.0,1.3538011695906431,22.72176799944136,0.7982456140350878,0.8040935672514621,34.0,222.0,110.53947368421049,29.684281454365244,0.4225146198830409,21.656050955,81.651376147,62.975712375861036,7.588102297938138,0.195906432748538,0.1842105263157894,0.1096491228070175,0.0935672514619883,0.087719298245614,0.0453216374269005,0.0497076023391812,0.0380116959064327,0.0292397660818713,0.0380116959064327,0.0365497076023391,0.0087719298245614,0.0160818713450292,0.0219298245614035,0.0190058479532163,0.0087719298245614,0.0102339181286549,0.0043859649122807,0.1432748538011695,0.0701754385964912,0.0745614035087719,0.0409356725146198,0.0394736842105263,0.0350877192982456,0.043859649122807,0.0277777777777777,0.0307017543859649,0.0190058479532163,0.3128654970760234,0.0687134502923976,0.077485380116959,0.0482456140350877,0.0467836257309941,0.0307017543859649,0.0321637426900584,0.033625730994151996,0.0292397660818713,0.0204678362573099
2021-03-22,0.7046979865771812,0.4816602316602316,0.4333333333333333,0.153170731707317,0.4609450337512054,0.4476464937560038,0.4102316602316602,0.0818094321462945,0.5167785234899329,0.5456292026897214,0.1292517006802721,0.6544754571703562,0.141025641025641,0.471953578336557,0.3090379008746355,0.5490384615384616,-0.137065637065637,-0.4936268829663963,0.1914893617021276,-0.7978723404255319,0.0,1043.0,4.0,0.6682646212847555,0.6767453152072906,1.0,0.0076701821668264,0.2301054650047938,0.4515819750719079,0.0,0.3518696069031639,2.0,0.2128475551294343,0.3998082454458293,0.2099712368168744,0.1773729626078619,0.7603068072866731,0.0728667305848514,0.062320230105465,0.0642377756471716,0.0402684563758389,0.0786193672099712,0.1629913710450623,0.7583892617449665,0.1198465963566634,0.3911792905081496,1.0,307.0,22.57430488974113,24.34238721110485,134.0,7.251798561151079,9.280525242560776,0.6663470757430489,11.0,22.33,2458.32,212.1267082860386,184.81741608167462,682.0,119.0,2988.0,1119.5073313782989,631.801445677106,-16.0,247.0,-1.5513196480938416,17.782529655757074,0.8841642228739003,0.8739002932551322,28.0,222.0,103.00439882697948,30.184041129685216,0.3621700879765396,17.834394904,76.890756303,59.27303296877122,10.359645607594203,0.1994134897360703,0.1818181818181818,0.1011730205278592,0.1011730205278592,0.09530791788856299,0.0395894428152492,0.0571847507331378,0.0307917888563049,0.0263929618768328,0.0307917888563049,0.0219941348973607,0.0263929618768328,0.0190615835777126,0.0278592375366568,0.0102639296187683,0.0146627565982404,0.0043988269794721,0.0058651026392961,0.1290322580645161,0.0733137829912023,0.0689149560117302,0.0498533724340175,0.0395894428152492,0.0425219941348973,0.0381231671554252,0.0234604105571847,0.0249266862170087,0.0205278592375366,0.3020527859237537,0.0747800586510264,0.0689149560117302,0.0689149560117302,0.0542521994134897,0.0381231671554252,0.0381231671554252,0.0307917888563049,0.0205278592375366,0.0249266862170087
2021-03-23,0.7537627934978929,0.5296969696969697,0.4558277654046028,0.2031534263189812,0.4948516050878255,0.5036231884057971,0.4386706948640483,0.1287787182587666,0.5597826086956522,0.5727217863608932,0.2126225490196078,0.6475558237779119,0.158447857720291,0.4837153196622437,0.3232514177693761,0.5728096676737161,-0.0437756497948016,-0.4352517985611511,0.29625,-0.6015625,0.6666666666666666,1661.0,4.0,0.6941601444912703,0.6962175576580241,1.0,0.0072245635159542,0.2823600240818784,0.4105960264900662,0.0006020469596628,0.3660445514750151,3.0,0.2408187838651415,0.3786875376279349,0.1872366044551475,0.193257074051776,0.7802528597230584,0.0897049969897652,0.0559903672486453,0.0463576158940397,0.0276941601444912,0.0475617098133654,0.1240216736905478,0.8284166164960867,0.1408789885611077,0.3931366646598435,1.0,331.0,25.44912703190849,28.249714266965213,144.0,9.337444933920702,13.235079735972727,0.6833232992173389,15.0,16.03,2284.0,206.51582608695648,192.5506129177343,895.0,119.0,4491.0,1083.9430167597766,636.2162356769808,-20.0,173.0,-0.8279329608938547,17.801462300615746,0.8737430167597765,0.8502793296089386,21.0,222.0,99.72737430167601,32.8530978679116,0.4,15.909090909000001,77.31092437,56.546756803203394,11.747883517937113,0.2145251396648044,0.1821229050279329,0.1106145251396648,0.08268156424581,0.0849162011173184,0.041340782122905,0.0581005586592178,0.0290502793296089,0.0312849162011173,0.0335195530726257,0.0268156424581005,0.017877094972067,0.0156424581005586,0.0234636871508379,0.017877094972067,0.0100558659217877,0.0078212290502793,0.0055865921787709,0.1340782122905028,0.0815642458100558,0.0793296089385474,0.0368715083798882,0.0536312849162011,0.0469273743016759,0.0335195530726257,0.0301675977653631,0.0268156424581005,0.0156424581005586,0.3094972067039106,0.0659217877094972,0.0681564245810055,0.06480446927374299,0.0368715083798882,0.035754189944134,0.0324022346368715,0.0335195530726257,0.0212290502793296,0.0234636871508379
2021-03-24,0.7168347556245152,0.4957064793130367,0.4210526315789473,0.1439749608763693,0.5007788161993769,0.4577191621411947,0.4004665629860031,0.1063664596273292,0.5081712062256809,0.5174825174825175,0.1252973830293418,0.6492595479345284,0.1265690376569037,0.4583008573655495,0.3306878306878307,0.5424785658612626,-0.1552587646076794,-0.4306839186691312,0.2232558139534883,-0.7280701754385965,0.6666666666666666,1289.0,4.0,0.7292474786656322,0.7062868580248114,1.0,0.0046547711404189,0.225756400310318,0.4367726920093095,0.0007757951900698,0.3483320403413499,5.0,0.2117920868890613,0.4212567882079131,0.1993793638479441,0.1675717610550814,0.7788983708301008,0.0814584949573312,0.0628394103956555,0.0488750969743987,0.0279286268425135,0.0403413498836307,0.0930954228083785,0.8665632273079907,0.1380915438324282,0.4142746314972847,1.0,276.0,30.348332040341354,31.588908823310557,170.0,7.891978609625668,9.808885204256978,0.7253685027152832,20.0,9.77,3760.54,218.70969171483623,209.9492262909192,761.0,119.0,4491.0,1085.988173455979,638.8728488245622,-18.0,348.0,0.0722733245729303,26.66727308714077,0.8764783180026281,0.8501971090670171,30.0,223.0,102.81340341655716,32.56312701760492,0.3758212877792378,16.582914573,76.890756303,58.670670106664936,11.722309594708,0.2063074901445466,0.1826544021024967,0.0893561103810775,0.1011826544021025,0.0867279894875164,0.0473061760840998,0.0578186596583442,0.0289093298291721,0.0289093298291721,0.0315374507227332,0.026281208935611002,0.0157687253613666,0.0210249671484888,0.0249671484888304,0.0157687253613666,0.0091984231274638,0.0078843626806833,0.0131406044678055,0.1379763469119579,0.0801576872536136,0.0827858081471747,0.0446780551905387,0.0486202365308804,0.038107752956636,0.0249671484888304,0.0223390275952693,0.0289093298291721,0.0249671484888304,0.3061760840998686,0.0604467805519053,0.0683311432325887,0.0551905387647831,0.0367936925098554,0.0315374507227332,0.0446780551905387,0.026281208935611002,0.0236530880420499,0.0289093298291721
2021-03-25,0.6662020905923345,0.4828070175438596,0.4097397145256087,0.1188466947960618,0.4008438818565401,0.4667599720083975,0.3861731843575419,0.0963687150837988,0.5216783216783217,0.5300699300699301,0.1244665718349928,0.4793272599859846,0.1224105461393597,0.4601398601398601,0.2633928571428571,0.520336605890603,-0.1027190332326284,-0.4634146341463415,0.2694524495677233,-0.6273291925465838,0.6666666666666666,1435.0,5.0,0.6857142857142857,0.7042692795876802,1.0,0.0048780487804878,0.2313588850174216,0.4216027874564459,0.0006968641114982,0.3268292682926829,3.0,0.2202090592334494,0.4334494773519163,0.1707317073170731,0.1756097560975609,0.7742160278745644,0.094773519163763,0.0522648083623693,0.0543554006968641,0.024390243902439,0.0362369337979094,0.0738675958188153,0.8898954703832752,0.1484320557491289,0.4034843205574913,1.0,321.0,29.79428172942817,27.74387282790033,302.0,6.9321100917431195,12.97772960496291,0.7595818815331009,13.0,22.33,2116.8,223.74286569717705,204.57281835784835,882.0,119.0,4491.0,1084.014739229025,643.4008842493791,-17.0,431.0,2.261904761904762,25.488251505599827,0.7891156462585034,0.6632653061224489,21.0,223.0,103.05782312925173,30.68606465734623,0.3866213151927438,15.909090909000001,78.571428571,59.50403876057593,11.119958121027588,0.2006802721088435,0.1995464852607709,0.0975056689342403,0.1088435374149659,0.0861678004535147,0.0317460317460317,0.0612244897959183,0.0306122448979591,0.0238095238095238,0.0328798185941043,0.0226757369614512,0.0215419501133786,0.0124716553287981,0.0215419501133786,0.010204081632653,0.010204081632653,0.0090702947845804,0.0124716553287981,0.1496598639455782,0.0861678004535147,0.0748299319727891,0.0362811791383219,0.0498866213151927,0.0351473922902494,0.0317460317460317,0.0249433106575963,0.0328798185941043,0.0181405895691609,0.3129251700680272,0.0657596371882086,0.0816326530612244,0.0453514739229024,0.0362811791383219,0.028344671201813998,0.0419501133786848,0.0272108843537414,0.0192743764172335,0.0238095238095238
2021-03-26,0.6904607397793641,0.5159817351598174,0.4416475972540046,0.2365308804204993,0.4506213211249182,0.453125,0.4279191128506197,0.087890625,0.5113858165256994,0.4973924380704042,0.0875576036866359,0.5684485006518905,0.1637426900584795,0.4840390879478827,0.2757936507936508,0.5188802083333334,-0.1004126547455295,-0.4409937888198758,0.2756410256410256,-0.6624203821656051,0.5,1541.0,5.0,0.6391953277092797,0.6938470780124872,0.0,0.0077871512005191,0.2141466580142764,0.4107722258273848,0.0,0.2985074626865671,4.0,0.2388059701492537,0.4393251135626216,0.1797534068786502,0.1421155094094743,0.8059701492537313,0.0837118754055808,0.0486696950032446,0.0441271901362751,0.017521090201168,0.0382868267358857,0.0668397144711226,0.8948734587929915,0.1239454899415963,0.3685918234912395,1.0,303.0,30.8,29.35098706764995,49.0,6.315068493150685,5.395740393235347,0.7579493835171967,11.0,22.33,1534.66,221.27420567920188,182.85503434978366,910.0,119.0,4491.0,1074.267032967033,624.8531692088911,-20.0,239.0,1.6219780219780218,22.604748482319184,0.7967032967032966,0.7615384615384615,26.0,222.0,105.70769230769231,30.91943194653519,0.412087912087912,13.612565445,84.453781513,61.43956855787368,10.021058076702905,0.2010989010989011,0.1824175824175824,0.0967032967032967,0.1043956043956044,0.0956043956043956,0.0395604395604395,0.0615384615384615,0.0263736263736263,0.0241758241758241,0.0483516483516483,0.0208791208791208,0.0153846153846153,0.0131868131868131,0.0219780219780219,0.0142857142857142,0.0076923076923076,0.0087912087912087,0.0098901098901098,0.1516483516483516,0.0791208791208791,0.067032967032967,0.0428571428571428,0.0428571428571428,0.0395604395604395,0.0274725274725274,0.0329670329670329,0.0274725274725274,0.0131868131868131,0.3076923076923077,0.0692307692307692,0.0857142857142857,0.0571428571428571,0.0384615384615384,0.0241758241758241,0.0318681318681318,0.0197802197802197,0.0208791208791208,0.023076923076922995
2021-03-27,0.6809672386895476,0.4878431372549019,0.4096834264432029,0.1490196078431372,0.4245504300234558,0.4379391100702576,0.41953125,0.1078125,0.4984375,0.4855355746677091,0.0794281175536139,0.5175918686473807,0.1379657603222558,0.4472243940578577,0.2407407407407407,0.5168363351605325,-0.08153078202995,-0.4454713493530499,0.2615156017830609,-0.7464788732394366,0.75,1282.0,5.0,0.7425897035881436,0.7344827778534896,1.0,0.0109204368174727,0.2020280811232449,0.4110764430577223,0.000780031201248,0.3455538221528861,9.0,0.20358814352574106,0.4368174726989079,0.1957878315132605,0.1614664586583463,0.7909516380655226,0.0881435257410296,0.0561622464898595,0.0499219968798752,0.0148205928237129,0.0265210608424337,0.0561622464898595,0.9173166926677068,0.1435257410296412,0.3681747269890795,1.0,315.0,32.94695787831513,35.36688926762107,103.0,7.763636363636364,8.922265032779766,0.7293291731669267,22.0,16.9,5704.57,262.9483959670027,281.93244138420096,777.0,119.0,4491.0,1090.842985842986,636.3407560332835,-18.0,237.0,3.1389961389961387,24.77140302352393,0.7709137709137709,0.7207207207207207,23.0,224.0,107.13899613899612,30.55822961895165,0.4157014157014157,16.560509554,78.571428571,61.733079967725814,9.214132847522439,0.1866151866151866,0.1904761904761904,0.1042471042471042,0.0952380952380952,0.0875160875160875,0.0463320463320463,0.0604890604890604,0.0321750321750321,0.0231660231660231,0.0463320463320463,0.027027027027027,0.0167310167310167,0.0167310167310167,0.027027027027027,0.0154440154440154,0.0077220077220077,0.0051480051480051,0.0051480051480051,0.1338481338481338,0.0797940797940797,0.0733590733590733,0.045045045045045,0.0463320463320463,0.045045045045045,0.0193050193050193,0.0321750321750321,0.0296010296010296,0.0141570141570141,0.3268983268983269,0.0579150579150579,0.0694980694980695,0.054054054054054,0.0398970398970398,0.0283140283140283,0.0321750321750321,0.027027027027027,0.0257400257400257,0.0231660231660231
2021-03-28,0.6502177068214804,0.4348462664714494,0.367595818815331,0.0830882352941176,0.3739002932551319,0.4018964259664478,0.3467153284671533,0.0671043034281546,0.4777209642074507,0.47953216374269003,0.0365671641791044,0.4389173372348208,0.115819209039548,0.4145985401459854,0.2323943661971831,0.4736456808199121,-0.1437216338880484,-0.4438731790916881,0.1522693997071742,-0.8896551724137931,1.0,1378.0,6.0,0.7300435413642961,0.7318742651613457,1.0,0.0377358490566037,0.2256894049346879,0.4550072568940493,0.0007256894049346,0.3359941944847605,0.0,0.2010159651669085,0.4615384615384615,0.1763425253991291,0.1611030478955007,0.783744557329463,0.0747460087082728,0.0566037735849056,0.0573294629898403,0.0275761973875181,0.0624092888243831,0.0994194484760522,0.8381712626995645,0.1269956458635704,0.3911465892597968,1.0,326.0,27.69085631349782,25.99349542664381,139.0,7.1353135313531375,8.560381313533155,0.6596516690856313,16.0,7.91,1805.59,255.75765475152568,200.6266746644209,884.0,119.0,4491.0,1110.3325791855202,654.8255256992276,-17.0,332.0,3.0067873303167416,23.25582670996197,0.744343891402715,0.6334841628959276,30.0,222.0,111.15837104072399,27.98340852986598,0.3914027149321267,16.666666667,79.646017699,63.5723663131153,7.263015103381761,0.2024886877828054,0.1866515837104072,0.1097285067873303,0.0984162895927601,0.0746606334841629,0.0452488687782805,0.0576923076923076,0.0282805429864253,0.0316742081447963,0.0373303167420814,0.0237556561085972,0.0260180995475113,0.0192307692307692,0.0192307692307692,0.007918552036199001,0.0113122171945701,0.006787330316742,0.004524886877828,0.1289592760180995,0.08710407239819,0.0825791855203619,0.0475113122171945,0.0463800904977375,0.0350678733031674,0.0294117647058823,0.0305429864253393,0.0226244343891402,0.0169683257918552,0.3065610859728507,0.0633484162895927,0.0712669683257918,0.0531674208144796,0.0486425339366515,0.0361990950226244,0.0395927601809954,0.0248868778280542,0.0271493212669683,0.0214932126696832
2021-03-29,0.6688988095238095,0.4659176029962547,0.4154118689105403,0.182844243792325,0.4343585896474118,0.4368932038834951,0.3986537023186238,0.16367713004484302,0.4925261584454409,0.4992492492492492,0.0970432145564821,0.5793413173652695,0.1338028169014084,0.4760479041916167,0.2595078299776286,0.5138784696174044,-0.1011235955056179,-0.4494584837545126,0.2379518072289156,-0.7908496732026143,1.0,1344.0,4.0,0.7150297619047619,0.7030708086902834,1.0,0.0074404761904761,0.2157738095238095,0.4709821428571428,0.0014880952380952,0.3720238095238095,2.0,0.2299107142857142,0.4017857142857143,0.1882440476190476,0.1800595238095238,0.7693452380952381,0.0930059523809523,0.0602678571428571,0.0491071428571428,0.0282738095238095,0.0647321428571428,0.1272321428571428,0.8080357142857143,0.1436011904761904,0.3921130952380952,1.0,288.0,25.298363095238088,23.95539657089416,147.0,7.165517241379311,8.591092177770653,0.6473214285714286,19.0,16.18,3101.41,230.2711790393013,198.24019178576145,869.0,119.0,2988.0,1103.4165707710013,608.9499112994735,-21.0,396.0,1.300345224395857,26.77755718890555,0.8365937859608745,0.8250863060989643,32.0,222.0,106.42117376294591,29.00150660322041,0.4131185270425777,25.0,77.876106195,61.0818739831473,8.167891316448106,0.2036823935558112,0.2025316455696202,0.1173762945914844,0.0851553509781357,0.0817031070195627,0.0345224395857307,0.0563866513233601,0.0264672036823935,0.0207134637514384,0.0414269275028768,0.0195627157652474,0.0230149597238204,0.0172612197928653,0.0253164556962025,0.0172612197928653,0.0069044879171461,0.0046029919447639995,0.0057537399309551,0.1139240506329113,0.0863060989643268,0.0736478711162255,0.0471806674338319,0.0575373993095512,0.0425776754890678,0.0333716915995397,0.0333716915995397,0.0322209436133486,0.0172612197928653,0.3164556962025316,0.0644418872266973,0.0701956271576524,0.0598388952819332,0.0425776754890678,0.0345224395857307,0.0333716915995397,0.0299194476409666,0.0207134637514384,0.0218642117376294
2021-03-30,0.7010119595216191,0.4712962962962962,0.4170353982300885,0.1816479400749063,0.4935185185185185,0.4404432132963989,0.3753475440222428,0.1245387453874538,0.5235023041474655,0.5581180811808119,0.148320895522388,0.6571164510166358,0.1270983213429256,0.4579870729455217,0.2040229885057471,0.525974025974026,-0.1138211382113821,-0.4516129032258064,0.2035714285714285,-0.8229166666666666,0.5,1087.0,4.0,0.7240110395584176,0.6993836485845818,1.0,0.0119595216191352,0.2299908003679852,0.4425022999080036,0.0,0.3440662373505059,2.0,0.2511499540018399,0.3597056117755289,0.2051517939282428,0.1839926402943882,0.7608095676172953,0.0965961361545538,0.0551977920883164,0.0561177552897884,0.031278748850046,0.0377184912603495,0.1168353265869365,0.8454461821527139,0.1416743330266789,0.4103035878564857,1.0,310.0,28.494940202391906,31.537076927832672,288.0,10.406876790830944,19.556871670666137,0.6421343146274149,15.0,3.47,2038.28,216.88378970427163,195.35420355662998,692.0,119.0,4491.0,1111.2528901734104,623.0433717207658,-18.0,130.0,-1.8656069364161847,12.667431572391672,0.880057803468208,0.9002890173410405,23.0,223.0,102.83815028901735,31.552769133452593,0.3554913294797688,17.424242424000006,76.890756303,58.33156110158811,10.595273094664977,0.2254335260115607,0.1878612716763005,0.0982658959537572,0.0852601156069364,0.0751445086705202,0.0317919075144508,0.0621387283236994,0.0317919075144508,0.0245664739884393,0.0390173410404624,0.0260115606936416,0.0216763005780346,0.0231213872832369,0.0202312138728323,0.0202312138728323,0.0101156069364161,0.0043352601156069,0.0057803468208092,0.1372832369942196,0.0924855491329479,0.0708092485549133,0.041907514450867,0.0404624277456647,0.0404624277456647,0.0260115606936416,0.0231213872832369,0.0260115606936416,0.0274566473988439,0.3106936416184971,0.0852601156069364,0.0549132947976878,0.06502890173410401,0.0476878612716763,0.0289017341040462,0.0346820809248554,0.0289017341040462,0.0144508670520231,0.0216763005780346
2021-03-31,0.6339522546419099,0.4701691896705254,0.3842887473460722,0.0997328584149599,0.4300979519145147,0.4300979519145147,0.3850931677018633,0.041740674955595,0.4791111111111111,0.4893238434163701,0.0691202872531418,0.5749778172138421,0.0803782505910165,0.4161490683229814,0.2019002375296912,0.5044722719141324,-0.1423001949317738,-0.494692144373673,0.1795774647887324,-0.6869565217391305,0.0,1131.0,4.0,0.770999115826702,0.7333332622011257,1.0,0.0079575596816976,0.2245800176834659,0.3775419982316534,0.0008841732979664,0.3536693191865606,3.0,0.2139699381078691,0.4288240495137047,0.1936339522546419,0.1635720601237842,0.7586206896551724,0.0954907161803713,0.057471264367815994,0.0627763041556145,0.0256410256410256,0.048629531388152,0.1087533156498673,0.8426171529619806,0.1335101679929266,0.4164456233421749,1.0,292.0,33.56233421750663,35.664790840506114,299.0,10.406801007556675,18.483338438761944,0.7020335985853228,20.0,3.95,4120.0,232.40192872117402,239.20504648974426,734.0,119.0,4491.0,1072.1280653950953,642.6159637699823,-21.0,166.0,-0.667574931880109,16.35114709433724,0.8446866485013624,0.8228882833787466,19.0,221.0,106.43869209809263,29.396678756089038,0.391008174386921,16.923076923,78.761061947,61.3375587695694,9.063717538908355,0.2247956403269754,0.1634877384196185,0.0940054495912806,0.0817438692098092,0.0899182561307901,0.0395095367847411,0.0653950953678474,0.0354223433242506,0.0258855585831062,0.04495912806539499,0.0299727520435967,0.0204359673024523,0.0163487738419618,0.0245231607629427,0.0136239782016348,0.0122615803814713,0.0054495912806539,0.0095367847411444,0.1389645776566757,0.0871934604904632,0.0681198910081744,0.0422343324250681,0.0354223433242506,0.0313351498637602,0.0313351498637602,0.0286103542234332,0.0245231607629427,0.0245231607629427,0.3215258855585831,0.0722070844686648,0.0640326975476839,0.0722070844686648,0.0395095367847411,0.0313351498637602,0.0245231607629427,0.0326975476839237,0.0163487738419618,0.0190735694822888
2021-04-01,0.6121087737301178,0.4221991701244813,0.3472137170851194,0.1116910229645093,0.3651041666666667,0.3895499224004138,0.3284974093264248,0.0707279297883324,0.4258397932816537,0.4596690796277146,0.047089947089946994,0.4816157431382703,0.0801369863013698,0.3997928534438115,0.1658692185007974,0.4580310880829015,-0.1705170517051705,-0.4844984802431611,0.1365503080082135,-0.7677165354330708,0.6,1949.0,4.0,0.7003591585428425,0.6987116879583741,1.0,0.0097485890200102,0.2421754746023602,0.4145715751667522,0.0005130836326321,0.3381221139045664,9.0,0.2385838891739353,0.4130323242688558,0.17239610056439195,0.1759876859928168,0.7850179579271421,0.0856849666495638,0.0523345305284761,0.0497691123653155,0.0271934325295023,0.0405336069779374,0.0661877886095433,0.8932786044125193,0.1564905079527963,0.3786557208825038,1.0,329.0,32.541303232426884,33.14151974721322,159.0,7.438383838383839,10.2874328680334,0.7619291944586968,22.0,3.72,4900.48,236.09307317073169,250.0622694881104,1055.0,119.0,4491.0,1075.309952606635,636.3545620924846,-18.0,301.0,5.258767772511848,31.799125756216664,0.7658767772511849,0.7507109004739336,25.0,225.0,110.91374407582936,28.367892671827487,0.3184834123222749,15.923566879000001,84.848484848,63.99549031212607,7.222891242540653,0.2037914691943128,0.1838862559241706,0.0890995260663507,0.0966824644549763,0.0909952606635071,0.0454976303317535,0.0691943127962085,0.0293838862559241,0.0265402843601895,0.0350710900473933,0.0236966824644549,0.0255924170616113,0.0161137440758293,0.0180094786729857,0.0094786729857819,0.0104265402843601,0.0037914691943127,0.0113744075829383,0.1582938388625592,0.0720379146919431,0.0729857819905213,0.0322274881516587,0.0454976303317535,0.0407582938388625,0.0293838862559241,0.0236966824644549,0.0331753554502369,0.0208530805687203,0.3222748815165877,0.0710900473933649,0.0701421800947867,0.0530805687203791,0.0426540284360189,0.0255924170616113,0.0284360189573459,0.0255924170616113,0.0208530805687203,0.0180094786729857
2021-04-02,0.6097383720930233,0.4398826979472141,0.3755346449957228,0.1725663716814159,0.4317180616740088,0.4148311306901615,0.3463235294117647,0.0593406593406593,0.4937820043891733,0.4860703812316715,0.0863095238095238,0.5906089508437271,0.1786743515850144,0.4307692307692308,0.2526539278131635,0.5029325513196481,-0.0748829953198128,-0.4401408450704225,0.2328125,-0.7816901408450704,1.0,1376.0,4.0,0.7267441860465116,0.7232531627450509,1.0,0.0036337209302325,0.1947674418604651,0.4244186046511627,0.0,0.2870639534883721,0.0,0.2383720930232558,0.4498546511627907,0.1736918604651162,0.1380813953488372,0.8008720930232558,0.0741279069767441,0.0501453488372093,0.0494186046511627,0.0254360465116279,0.03125,0.0610465116279069,0.907703488372093,0.1199127906976744,0.3837209302325581,1.0,322.0,34.40625,38.40113545906493,123.0,6.648905803996192,6.882790563750433,0.7638081395348837,19.0,21.39,1467.11,223.80798780487805,187.5778852640945,835.0,119.0,4491.0,1051.7437125748504,628.8849055318981,-18.0,234.0,1.511377245508982,22.18898126520753,0.8227544910179642,0.8311377245508982,26.0,222.0,109.97005988023953,28.31224179340296,0.3317365269461078,16.25,84.033613445,63.35213302813175,7.861190345364692,0.2167664670658682,0.1952095808383233,0.081437125748503,0.0910179640718562,0.0946107784431137,0.0431137724550898,0.059880239520958,0.029940119760479,0.0275449101796407,0.0347305389221556,0.0215568862275449,0.0251497005988023,0.0167664670658682,0.0143712574850299,0.0083832335329341,0.0119760479041916,0.0059880239520958,0.0119760479041916,0.1808383233532934,0.0838323353293413,0.0730538922155688,0.037125748502993994,0.0526946107784431,0.0431137724550898,0.0251497005988023,0.0191616766467065,0.0263473053892215,0.0119760479041916,0.3089820359281437,0.0514970059880239,0.0754491017964071,0.0479041916167664,0.0526946107784431,0.029940119760479,0.029940119760479,0.0203592814371257,0.0215568862275449,0.0179640718562874
2021-04-03,0.5945945945945946,0.4250720461095101,0.3773584905660377,0.1138328530259366,0.4072463768115942,0.3888091822094691,0.3294964028776978,0.0774748923959827,0.45480631276901,0.4318507890961262,0.048600883652429996,0.5720461095100865,0.1137614678899082,0.4149855907780979,0.1646586345381526,0.4719424460431655,-0.1264367816091954,-0.5072,0.21875,-0.7228915662650602,0.3333333333333333,703.0,4.0,0.8207681365576103,0.7371083732091707,1.0,0.0028449502133712,0.2290184921763869,0.3755334281650071,0.0,0.2645803698435277,0.0,0.2475106685633001,0.4182076813655761,0.1635846372688477,0.1706970128022759,0.8207681365576103,0.0640113798008534,0.0512091038406827,0.0469416785206258,0.0170697012802275,0.0256045519203413,0.0483641536273115,0.9260312944523472,0.1522048364153627,0.3655761024182077,1.0,326.0,36.04836415362731,42.98098624908607,84.0,7.862212943632567,6.706785743480513,0.6813655761024182,17.0,31.0,4060.3,264.1896912521441,280.26154798376285,477.0,119.0,4491.0,1179.9203354297695,684.0964859167052,-17.0,284.0,6.364779874213838,38.22810045633658,0.7756813417190775,0.8134171907756813,27.0,222.0,106.58909853249477,32.220989274320864,0.3144654088050314,15.183246073,84.188034188,60.993302135694,10.95418766555665,0.2368972746331236,0.1949685534591195,0.060796645702306,0.1027253668763102,0.0943396226415094,0.0335429769392033,0.0419287211740041,0.0272536687631027,0.0230607966457023,0.0482180293501048,0.0314465408805031,0.0335429769392033,0.010482180293501,0.020964360587002,0.0062893081761006,0.0083857442348008,0.0125786163522012,0.0083857442348008,0.1740041928721174,0.090146750524109,0.0754716981132075,0.0335429769392033,0.0566037735849056,0.0314465408805031,0.0230607966457023,0.0167714884696016,0.0335429769392033,0.010482180293501,0.2767295597484276,0.0524109014675052,0.0817610062893081,0.0524109014675052,0.0524109014675052,0.0335429769392033,0.0440251572327044,0.0272536687631027,0.0293501048218029,0.0167714884696016
2021-04-04,0.5945945945945946,0.4250720461095101,0.3773584905660377,0.1138328530259366,0.4072463768115942,0.3888091822094691,0.3294964028776978,0.0774748923959827,0.45480631276901,0.4318507890961262,0.048600883652429996,0.5720461095100865,0.1137614678899082,0.4149855907780979,0.1646586345381526,0.4719424460431655,-0.1264367816091954,-0.5072,0.21875,-0.7228915662650602,0.3333333333333333,703.0,4.0,0.8207681365576103,0.7371083732091707,1.0,0.0028449502133712,0.2290184921763869,0.3755334281650071,0.0,0.2645803698435277,0.0,0.2475106685633001,0.4182076813655761,0.1635846372688477,0.1706970128022759,0.8207681365576103,0.0640113798008534,0.0512091038406827,0.0469416785206258,0.0170697012802275,0.0256045519203413,0.0483641536273115,0.9260312944523472,0.1522048364153627,0.3655761024182077,1.0,326.0,36.04836415362731,42.98098624908607,84.0,7.862212943632567,6.706785743480513,0.6813655761024182,17.0,31.0,4060.3,264.1896912521441,280.26154798376285,477.0,119.0,4491.0,1179.9203354297695,684.0964859167052,-17.0,284.0,6.364779874213838,38.22810045633658,0.7756813417190775,0.8134171907756813,27.0,222.0,106.58909853249477,32.220989274320864,0.3144654088050314,15.183246073,84.188034188,60.993302135694,10.95418766555665,0.2368972746331236,0.1949685534591195,0.060796645702306,0.1027253668763102,0.0943396226415094,0.0335429769392033,0.0419287211740041,0.0272536687631027,0.0230607966457023,0.0482180293501048,0.0314465408805031,0.0335429769392033,0.010482180293501,0.020964360587002,0.0062893081761006,0.0083857442348008,0.0125786163522012,0.0083857442348008,0.1740041928721174,0.090146750524109,0.0754716981132075,0.0335429769392033,0.0566037735849056,0.0314465408805031,0.0230607966457023,0.0167714884696016,0.0335429769392033,0.010482180293501,0.2767295597484276,0.0524109014675052,0.0817610062893081,0.0524109014675052,0.0524109014675052,0.0335429769392033,0.0440251572327044,0.0272536687631027,0.0293501048218029,0.0167714884696016
2021-04-05,0.5945945945945946,0.4250720461095101,0.3773584905660377,0.1138328530259366,0.4072463768115942,0.3888091822094691,0.3294964028776978,0.0774748923959827,0.45480631276901,0.4318507890961262,0.048600883652429996,0.5720461095100865,0.1137614678899082,0.4149855907780979,0.1646586345381526,0.4719424460431655,-0.1264367816091954,-0.5072,0.21875,-0.7228915662650602,0.3333333333333333,703.0,4.0,0.8207681365576103,0.7371083732091707,1.0,0.0028449502133712,0.2290184921763869,0.3755334281650071,0.0,0.2645803698435277,0.0,0.2475106685633001,0.4182076813655761,0.1635846372688477,0.1706970128022759,0.8207681365576103,0.0640113798008534,0.0512091038406827,0.0469416785206258,0.0170697012802275,0.0256045519203413,0.0483641536273115,0.9260312944523472,0.1522048364153627,0.3655761024182077,1.0,326.0,36.04836415362731,42.98098624908607,84.0,7.862212943632567,6.706785743480513,0.6813655761024182,17.0,31.0,4060.3,264.1896912521441,280.26154798376285,477.0,119.0,4491.0,1179.9203354297695,684.0964859167052,-17.0,284.0,6.364779874213838,38.22810045633658,0.7756813417190775,0.8134171907756813,27.0,222.0,106.58909853249477,32.220989274320864,0.3144654088050314,15.183246073,84.188034188,60.993302135694,10.95418766555665,0.2368972746331236,0.1949685534591195,0.060796645702306,0.1027253668763102,0.0943396226415094,0.0335429769392033,0.0419287211740041,0.0272536687631027,0.0230607966457023,0.0482180293501048,0.0314465408805031,0.0335429769392033,0.010482180293501,0.020964360587002,0.0062893081761006,0.0083857442348008,0.0125786163522012,0.0083857442348008,0.1740041928721174,0.090146750524109,0.0754716981132075,0.0335429769392033,0.0566037735849056,0.0314465408805031,0.0230607966457023,0.0167714884696016,0.0335429769392033,0.010482180293501,0.2767295597484276,0.0524109014675052,0.0817610062893081,0.0524109014675052,0.0524109014675052,0.0335429769392033,0.0440251572327044,0.0272536687631027,0.0293501048218029,0.0167714884696016
2021-04-06,0.6394557823129252,0.5,0.4355971896955503,0.1919291338582677,0.4667318982387475,0.4804305283757338,0.4115347018572825,0.1348973607038123,0.5039138943248532,0.5361328125,0.1445904954499494,0.64613880742913,0.1857707509881423,0.4598825831702544,0.2447129909365558,0.5377821393523062,-0.0608899297423887,-0.4257540603248261,0.2651356993736952,-0.6973684210526315,-1.0,1029.0,10.0,0.7259475218658892,0.7292640613476902,1.0,0.0019436345966958,0.227405247813411,0.4295432458697765,0.0,0.3595724003887269,0.0,0.2322643343051506,0.3974732750242954,0.1963070942662779,0.1739552964042759,0.7998056365403304,0.0923226433430515,0.0398445092322643,0.0437317784256559,0.0242954324586977,0.0349854227405247,0.1107871720116618,0.8542274052478134,0.1341107871720116,0.4003887269193392,1.0,322.0,29.187560738581148,27.67903870505,192.0,8.34805890227577,13.398686697147676,0.7259475218658892,15.0,26.05,1735.0,213.40479240806644,198.1525128313444,640.0,119.0,4491.0,1036.73125,619.8491029645919,-18.0,247.0,-1.821875,14.928189807842324,0.8765625,0.9,13.0,222.0,105.140625,31.99910365895466,0.340625,8.2802547771,83.193277311,59.535349759828385,10.818085255734964,0.2109375,0.1984375,0.0875,0.0671875,0.090625,0.0515625,0.0578125,0.040625,0.0265625,0.034375,0.0296875,0.0296875,0.0125,0.0171875,0.003125,0.009375,0.0046875,0.009375,0.171875,0.078125,0.0609375,0.0421875,0.0453125,0.0390625,0.0265625,0.0234375,0.01875,0.021875,0.340625,0.0703125,0.0828125,0.053125,0.034375,0.028125,0.03125,0.0234375,0.01875,0.021875
2021-04-07,0.6445086705202312,0.4864077669902912,0.4027777777777778,0.175146771037182,0.4946341463414634,0.4211035818005808,0.3924418604651162,0.0908212560386473,0.4922630560928433,0.4908034849951597,0.1082423038728897,0.6404275996112729,0.1607378129117259,0.4472410454985479,0.2550724637681159,0.4961240310077519,-0.1008583690987124,-0.468384074941452,0.25,-0.7525773195876289,0.5,1038.0,5.0,0.6705202312138728,0.6582448822804139,1.0,0.0,0.2273603082851637,0.4084778420038535,0.0,0.3439306358381503,0.0,0.2524084778420039,0.407514450867052,0.1685934489402697,0.1714836223506743,0.7832369942196532,0.0867052023121387,0.0674373795761079,0.0346820809248554,0.0279383429672447,0.0337186897880539,0.1078998073217726,0.8583815028901735,0.1368015414258188,0.38439306358381503,1.0,322.0,29.85645472061657,33.250453869095395,236.0,9.032608695652174,16.222065152479765,0.7090558766859345,14.0,22.33,1580.28,210.60819932049827,182.7539695653109,667.0,119.0,4491.0,1040.4212893553224,626.417226349982,-16.0,207.0,-1.4662668665667167,17.257195522565382,0.8995502248875562,0.856071964017991,14.0,222.0,102.95802098950523,31.591252652050446,0.3223388305847076,7.0351758794000006,78.991596639,59.04235129265875,10.269986140227557,0.2023988005997001,0.1799100449775112,0.1004497751124437,0.0689655172413793,0.1004497751124437,0.0389805097451274,0.0779610194902548,0.0284857571214392,0.0299850074962518,0.0284857571214392,0.0284857571214392,0.0284857571214392,0.0194902548725637,0.0209895052473763,0.0059970014992503,0.0104947526236881,0.0089955022488755,0.0074962518740629,0.1514242878560719,0.0599700149925037,0.0704647676161919,0.04047976011994,0.0494752623688155,0.0359820089955022,0.0389805097451274,0.0209895052473763,0.032983508245877,0.0194902548725637,0.3313343328335832,0.0749625187406296,0.0629685157421289,0.0569715142428785,0.0389805097451274,0.0344827586206896,0.0284857571214392,0.0269865067466266,0.0194902548725637,0.0239880059970015
2021-04-08,0.5867287543655413,0.4196009389671361,0.3422680412371134,0.1430246189917936,0.3975337639459776,0.3901869158878505,0.3389830508474576,0.0740524781341107,0.4500875656742557,0.4585764294049008,0.062126642771804,0.5450819672131147,0.1267942583732057,0.4015195791934541,0.2289377289377289,0.4736533957845433,-0.1423173803526448,-0.4621318373071528,0.1533816425120772,-0.7701863354037267,1.0,1718.0,4.0,0.6449359720605355,0.6737489508570468,1.0,0.0081490104772991,0.2223515715948777,0.4260768335273573,0.0005820721769499,0.3149010477299185,0.0,0.2665890570430733,0.3952270081490104,0.17986030267753195,0.1583236321303841,0.789871944121071,0.0750873108265424,0.0547147846332945,0.0512223515715948,0.029103608847497006,0.0366705471478463,0.0861466821885913,0.8771827706635623,0.1280558789289872,0.39988358556461,1.0,302.0,27.718859138533176,23.691858102311784,189.0,6.359447004608295,9.583396592007194,0.7578579743888242,13.0,22.33,3712.44,205.95675085324245,197.2429500404649,998.0,119.0,4491.0,1064.181362725451,625.376054708489,-17.0,219.0,0.0290581162324649,18.54004739440516,0.8496993987975952,0.8577154308617234,10.0,226.0,106.00801603206413,28.461167404409238,0.2945891783567134,6.3694267516,79.831932773,61.35184647393135,8.198111401168113,0.1983967935871743,0.1983967935871743,0.1092184368737475,0.0801603206412825,0.096192384769539,0.0380761523046092,0.0581162324649298,0.0310621242484969,0.0270541082164328,0.0400801603206412,0.0200400801603206,0.0290581162324649,0.0150300601202404,0.0150300601202404,0.0070140280561122,0.0100200400801603,0.003006012024048,0.0110220440881763,0.1683366733466934,0.0721442885771543,0.0711422845691382,0.0370741482965931,0.0531062124248497,0.0310621242484969,0.0240480961923847,0.0240480961923847,0.032064128256512996,0.0210420841683366,0.2975951903807615,0.0741482965931863,0.0741482965931863,0.0551102204408817,0.0450901803607214,0.0270541082164328,0.0310621242484969,0.0280561122244488,0.0230460921843687,0.0250501002004008
2021-04-09,0.5814569536423841,0.3974615898463594,0.3412698412698413,0.1136671177266576,0.3797722705961152,0.3659347970725216,0.3047238855622089,0.044000000000000004,0.4275265957446808,0.4494007989347536,0.0595802301963439,0.5237458193979934,0.0892857142857142,0.4081225033288948,0.156701030927835,0.4649766511007338,-0.189631650750341,-0.4922600619195046,0.186556927297668,-0.8043478260869565,0.0,1510.0,6.0,0.6350993377483444,0.7152322330426155,0.0,0.009933774834437,0.2033112582781457,0.4450331125827814,0.0,0.3079470198675497,4.0,0.2609271523178808,0.3841059602649007,0.1973509933774834,0.1576158940397351,0.795364238410596,0.0867549668874172,0.0562913907284768,0.03841059602649,0.0231788079470198,0.0271523178807947,0.08609271523178799,0.8867549668874172,0.1357615894039735,0.3854304635761589,1.0,307.0,29.318543046357608,29.1179109387762,92.0,6.2660393498716855,6.8747516619026925,0.7741721854304636,15.0,22.33,1900.0,213.5545548489666,176.03349529572716,903.0,119.0,4491.0,1082.486157253599,651.1089819720034,-17.0,143.0,0.1926910299003322,17.892896178635265,0.8405315614617941,0.8305647840531561,18.0,223.0,108.30897009966776,28.05001862254765,0.3133997785160576,11.464968153,79.831932773,62.26297961743849,7.865488784192808,0.2015503875968992,0.1694352159468438,0.1107419712070874,0.0908084163898117,0.0941306755260243,0.0398671096345514,0.0586932447397563,0.0365448504983388,0.0254706533776301,0.0332225913621262,0.0276854928017718,0.0299003322259136,0.0188261351052048,0.0221483942414175,0.0066445182724252,0.0077519379844961,0.0044296788482834,0.0088593576965669,0.1572535991140642,0.0708748615725359,0.0620155038759689,0.0420819490586932,0.044296788482835,0.044296788482835,0.0354374307862679,0.0221483942414175,0.0321151716500553,0.0188261351052048,0.3089700996677741,0.0653377630121816,0.0686600221483942,0.0498338870431893,0.0509413067552602,0.0265780730897009,0.0332225913621262,0.0354374307862679,0.0199335548172757,0.0177187153931339
2021-04-10,0.5998469778117828,0.4287913779830639,0.3632246376811594,0.1428571428571428,0.3975346687211094,0.3865030674846625,0.3312836279784781,0.07603686635944701,0.4496541122213682,0.4435917114351496,0.0546448087431694,0.5265588914549654,0.1343570057581574,0.4061538461538461,0.1457858769931662,0.4450422751729438,-0.1394148020654044,-0.4977000919963201,0.2288,-0.7947019867549668,0.0,1307.0,5.0,0.7314460596786534,0.7047951962940353,1.0,0.0053557765876052,0.2203519510328997,0.4085692425401683,0.0,0.314460596786534,5.0,0.2325937260902831,0.4032134659525631,0.1782708492731446,0.1859219586840091,0.7957153787299158,0.080336648814078,0.0604437643458301,0.0482019892884468,0.0153022188217291,0.0306044376434583,0.0680948737566947,0.9013006885998472,0.1652639632746748,0.3894414690130069,1.0,332.0,38.148431522570775,44.00310796037016,308.0,7.929591836734692,11.907806464133827,0.7498087222647284,24.0,0.46,2630.11,229.65570902394103,224.38127293610688,764.0,119.0,4491.0,1058.6164921465968,638.5680887533042,-17.0,210.0,3.350785340314136,24.39845056445177,0.7735602094240838,0.7722513089005235,17.0,222.0,106.93324607329843,30.0714656759971,0.2840314136125654,10.683760684,80.909090909,61.45650476365054,10.481443720805338,0.175392670157068,0.200261780104712,0.1060209424083769,0.0706806282722513,0.094240837696335,0.0458115183246073,0.0575916230366492,0.0405759162303664,0.0405759162303664,0.0353403141361256,0.0209424083769633,0.0274869109947644,0.0196335078534031,0.0196335078534031,0.0039267015706806,0.013089005235601999,0.0078534031413612,0.006544502617800999,0.1479057591623036,0.0732984293193717,0.0680628272251308,0.0366492146596858,0.0366492146596858,0.0327225130890052,0.0327225130890052,0.0235602094240837,0.0340314136125654,0.0235602094240837,0.30628272251308897,0.0759162303664921,0.0654450261780104,0.056282722513089,0.0392670157068062,0.0405759162303664,0.0235602094240837,0.0327225130890052,0.0261780104712041,0.0183246073298429
2021-04-11,0.5998469778117828,0.4287913779830639,0.3632246376811594,0.1428571428571428,0.3975346687211094,0.3865030674846625,0.3312836279784781,0.07603686635944701,0.4496541122213682,0.4435917114351496,0.0546448087431694,0.5265588914549654,0.1343570057581574,0.4061538461538461,0.1457858769931662,0.4450422751729438,-0.1394148020654044,-0.4977000919963201,0.2288,-0.7947019867549668,0.0,1307.0,5.0,0.7314460596786534,0.7047951962940353,1.0,0.0053557765876052,0.2203519510328997,0.4085692425401683,0.0,0.314460596786534,5.0,0.2325937260902831,0.4032134659525631,0.1782708492731446,0.1859219586840091,0.7957153787299158,0.080336648814078,0.0604437643458301,0.0482019892884468,0.0153022188217291,0.0306044376434583,0.0680948737566947,0.9013006885998472,0.1652639632746748,0.3894414690130069,1.0,332.0,38.148431522570775,44.00310796037016,308.0,7.929591836734692,11.907806464133827,0.7498087222647284,24.0,0.46,2630.11,229.65570902394103,224.38127293610688,764.0,119.0,4491.0,1058.6164921465968,638.5680887533042,-17.0,210.0,3.350785340314136,24.39845056445177,0.7735602094240838,0.7722513089005235,17.0,222.0,106.93324607329843,30.0714656759971,0.2840314136125654,10.683760684,80.909090909,61.45650476365054,10.481443720805338,0.175392670157068,0.200261780104712,0.1060209424083769,0.0706806282722513,0.094240837696335,0.0458115183246073,0.0575916230366492,0.0405759162303664,0.0405759162303664,0.0353403141361256,0.0209424083769633,0.0274869109947644,0.0196335078534031,0.0196335078534031,0.0039267015706806,0.013089005235601999,0.0078534031413612,0.006544502617800999,0.1479057591623036,0.0732984293193717,0.0680628272251308,0.0366492146596858,0.0366492146596858,0.0327225130890052,0.0327225130890052,0.0235602094240837,0.0340314136125654,0.0235602094240837,0.30628272251308897,0.0759162303664921,0.0654450261780104,0.056282722513089,0.0392670157068062,0.0405759162303664,0.0235602094240837,0.0327225130890052,0.0261780104712041,0.0183246073298429
2021-04-12,0.5998469778117828,0.4287913779830639,0.3632246376811594,0.1428571428571428,0.3975346687211094,0.3865030674846625,0.3312836279784781,0.07603686635944701,0.4496541122213682,0.4435917114351496,0.0546448087431694,0.5265588914549654,0.1343570057581574,0.4061538461538461,0.1457858769931662,0.4450422751729438,-0.1394148020654044,-0.4977000919963201,0.2288,-0.7947019867549668,0.0,1307.0,5.0,0.7314460596786534,0.7047951962940353,1.0,0.0053557765876052,0.2203519510328997,0.4085692425401683,0.0,0.314460596786534,5.0,0.2325937260902831,0.4032134659525631,0.1782708492731446,0.1859219586840091,0.7957153787299158,0.080336648814078,0.0604437643458301,0.0482019892884468,0.0153022188217291,0.0306044376434583,0.0680948737566947,0.9013006885998472,0.1652639632746748,0.3894414690130069,1.0,332.0,38.148431522570775,44.00310796037016,308.0,7.929591836734692,11.907806464133827,0.7498087222647284,24.0,0.46,2630.11,229.65570902394103,224.38127293610688,764.0,119.0,4491.0,1058.6164921465968,638.5680887533042,-17.0,210.0,3.350785340314136,24.39845056445177,0.7735602094240838,0.7722513089005235,17.0,222.0,106.93324607329843,30.0714656759971,0.2840314136125654,10.683760684,80.909090909,61.45650476365054,10.481443720805338,0.175392670157068,0.200261780104712,0.1060209424083769,0.0706806282722513,0.094240837696335,0.0458115183246073,0.0575916230366492,0.0405759162303664,0.0405759162303664,0.0353403141361256,0.0209424083769633,0.0274869109947644,0.0196335078534031,0.0196335078534031,0.0039267015706806,0.013089005235601999,0.0078534031413612,0.006544502617800999,0.1479057591623036,0.0732984293193717,0.0680628272251308,0.0366492146596858,0.0366492146596858,0.0327225130890052,0.0327225130890052,0.0235602094240837,0.0340314136125654,0.0235602094240837,0.30628272251308897,0.0759162303664921,0.0654450261780104,0.056282722513089,0.0392670157068062,0.0405759162303664,0.0235602094240837,0.0327225130890052,0.0261780104712041,0.0183246073298429
2021-04-13,0.6611950098489823,0.5191798941798942,0.4281124497991967,0.21756487025948104,0.4970218398411647,0.4966974900924703,0.4225444957152274,0.1231884057971014,0.5428759894459103,0.5488771466314399,0.1772665764546684,0.6508250825082508,0.1637931034482758,0.4858085808580858,0.2183235867446393,0.5370860927152318,-0.0627943485086342,-0.4733441033925686,0.2662162162162162,-0.6541353383458647,0.75,1523.0,5.0,0.6710439921208142,0.6645683887058585,1.0,0.0072225869993434,0.2921864740643466,0.4130006565988181,0.0,0.3768877216021011,3.0,0.2284963887065003,0.3834537097833224,0.2140512147078135,0.1739986868023637,0.7813525935653316,0.0919238345370978,0.0544977019041365,0.0446487196323046,0.0275771503611293,0.0433355219960604,0.1306631648063033,0.8260013131976363,0.1300065659881812,0.3933026920551543,1.0,325.0,29.26526592252133,28.751516357969532,245.0,10.168344007319305,19.579953134418357,0.7176625082074852,16.0,22.33,4740.0,198.95534883720933,201.7470787459864,756.0,119.0,4491.0,1063.4404761904761,626.1198754543556,-18.0,244.0,-0.8227513227513228,19.538932053663537,0.8849206349206349,0.8677248677248677,20.0,222.0,101.53306878306879,32.76203935789067,0.2923280423280423,15.151515152,77.251184834,57.68778265796424,11.83109669929225,0.1891534391534391,0.1891534391534391,0.08201058201058199,0.07804232804232801,0.08201058201058199,0.0582010582010582,0.0661375661375661,0.0357142857142857,0.0291005291005291,0.0423280423280423,0.0251322751322751,0.0277777777777777,0.0224867724867724,0.0238095238095238,0.0092592592592592,0.0092592592592592,0.0092592592592592,0.0079365079365079,0.11904761904761901,0.074074074074074,0.0674603174603174,0.0383597883597883,0.0462962962962962,0.0357142857142857,0.033068783068783,0.0291005291005291,0.0343915343915343,0.0251322751322751,0.32804232804232797,0.0674603174603174,0.0621693121693121,0.0806878306878306,0.0423280423280423,0.0343915343915343,0.0383597883597883,0.0277777777777777,0.0224867724867724,0.0198412698412698
2021-04-14,0.6197516262566529,0.4618593563766388,0.3989862418537291,0.1088516746411483,0.3760429082240762,0.4557338086749851,0.3726190476190476,0.0938799762329174,0.467222884386174,0.5151695419393219,0.145366444579043,0.465435041716329,0.1315359477124183,0.4625890736342042,0.1755424063116371,0.5163593099345628,-0.1622340425531915,-0.3870056497175141,0.1925754060324826,-0.6355555555555555,0.0,1691.0,4.0,0.693672383205204,0.6432730168913742,1.0,0.0035481963335304,0.2808988764044944,0.4068598462448256,0.0011827321111768,0.3518628030751035,3.0,0.2371377882909521,0.3897102306327616,0.20816085156712,0.1649911295091661,0.7865168539325843,0.0857480780603193,0.0603193376700177,0.0437610881135422,0.0236546422235363,0.0348905972797161,0.12004730928444696,0.8450620934358368,0.1318746303962152,0.4092253104671792,1.0,316.0,30.504142011834322,30.39941796798314,216.0,8.164086687306499,14.163349720590075,0.7640449438202247,15.0,22.33,1629.9,197.34330472103005,159.94499335805847,837.0,119.0,4491.0,1073.1350059737156,654.389413483178,-14.0,194.0,5.941457586618878,22.277558907727165,0.6678614097968937,0.7168458781362007,29.0,222.0,104.37514934289128,30.60041520003076,0.2150537634408602,18.47133758,77.251184834,59.399662608994035,9.890038338216538,0.1887694145758661,0.1792114695340501,0.0908004778972521,0.0955794504181601,0.0931899641577061,0.058542413381123,0.05615292712066902,0.040621266427717996,0.025089605734767,0.032258064516129,0.02389486260454,0.025089605734767,0.020310633213858998,0.021505376344086002,0.0035842293906809997,0.01194743130227,0.009557945041815999,0.0071684587813619985,0.1385902031063321,0.07765830346475501,0.07646356033452799,0.037037037037037,0.041816009557945004,0.033452807646356005,0.038231780167263994,0.025089605734767,0.029868578255675,0.026284348864994,0.3082437275985663,0.06690561529271201,0.072879330943847,0.07765830346475501,0.045400238948626,0.028673835125447997,0.033452807646356005,0.022700119474313,0.019115890083631997,0.020310633213858998
2021-04-15,0.6527777777777778,0.44027986006996506,0.4187041564792176,0.1921726041144004,0.4297893681043129,0.4665668662674651,0.3702042850024913,0.0881474103585657,0.486284289276808,0.5306733167082295,0.1216421692853522,0.5735,0.1559139784946236,0.4599599599599601,0.3085271317829457,0.525974025974026,-0.0880713489409141,-0.33729216152019004,0.2350710900473933,-0.8248587570621468,0.25,2016.0,3.0,0.6552579365079365,0.641572303239764,1.0,0.0099206349206349,0.2584325396825397,0.4072420634920635,0.0,0.3387896825396825,4.0,0.2470238095238095,0.4141865079365079,0.1944444444444444,0.144345238095238,0.7996031746031746,0.0818452380952381,0.0580357142857142,0.0421626984126984,0.0183531746031746,0.0327380952380952,0.0892857142857142,0.8779761904761905,0.1254960317460317,0.3844246031746032,1.0,315.0,30.896825396825395,28.67276259761044,215.0,7.013350286077559,14.282026633528217,0.7802579365079365,23.0,22.33,1739.86,200.38643369175628,156.91626422054898,1034.0,119.0,4491.0,1089.323984526112,628.2394017029384,-17.0,209.0,-0.3104448742746615,16.981093843089152,0.8307543520309478,0.7978723404255319,13.0,218.0,103.62572533849129,28.94605851725606,0.20212765957446802,8.125,79.620853081,59.88809363832984,10.163697656897137,0.1750483558994197,0.2001934235976789,0.0938104448742746,0.1083172147001934,0.0918762088974854,0.0560928433268858,0.0570599613152804,0.034816247582205,0.0183752417794971,0.0357833655705996,0.0203094777562862,0.0270793036750483,0.0164410058027079,0.0154738878143133,0.0058027079303675,0.0145067698259187,0.0077369439071566,0.0087040618955512,0.1740812379110251,0.0715667311411992,0.0667311411992263,0.0338491295938104,0.0512572533849129,0.0377176015473887,0.0309477756286266,0.023210831721470003,0.0270793036750483,0.0212765957446808,0.2843326885880077,0.0773694390715667,0.0657640232108317,0.0570599613152804,0.0396518375241779,0.0328820116054158,0.0338491295938104,0.0299806576402321,0.0193423597678916,0.0193423597678916
2021-04-16,0.6393046837276678,0.4507042253521127,0.3950688073394495,0.1746341463414634,0.4482255712202236,0.4277400581959263,0.3637245392822502,0.0954920019389239,0.4861583292860612,0.5281553398058253,0.0998023715415019,0.5700436257876879,0.1478373143963847,0.448910411622276,0.2022292993630573,0.4987834549878345,-0.12837108953613802,-0.3203488372093023,0.2250740375123396,-0.8307692307692308,0.6666666666666666,2071.0,6.0,0.6204732013520039,0.680895948644519,0.0,0.0096571704490584,0.2592950265572187,0.4461612747464993,0.0004828585224529,0.3235152100434573,5.0,0.2583293095123128,0.3944954128440367,0.1810719459198455,0.1661033317238049,0.8015451472718493,0.0825688073394495,0.0492515692901979,0.0453887011105746,0.0212457749879285,0.0371801062288749,0.0806373732496378,0.8821825205214872,0.1414775470787059,0.3751810719459198,1.0,323.0,30.562530178657646,28.869451721105307,319.0,6.0849514563106775,11.200662082415779,0.7957508450024143,19.0,22.33,3325.0,203.8232718894009,197.8595432488633,1101.0,133.0,4491.0,1046.2742960944597,619.4576844910979,-13.0,276.0,1.2316076294277931,21.23247812485081,0.8065395095367848,0.8101725703905541,32.0,222.0,106.09536784741144,26.859076447535656,0.2343324250681198,19.230769231,84.51327433600001,60.98051151629885,9.079168122176617,0.1852861035422343,0.1952770208900999,0.0935513169845594,0.0971843778383288,0.0835603996366939,0.0635785649409627,0.0599455040871934,0.0399636693914623,0.0345140781108083,0.0290644868301544,0.0190735694822888,0.0245231607629427,0.0199818346957311,0.0190735694822888,0.0045413260672116,0.0054495912806539,0.0081743869209809,0.0090826521344232,0.1771117166212534,0.0735694822888283,0.072661217075386,0.0372388737511353,0.0517711171662125,0.0390554041780199,0.0272479564032697,0.0236148955495004,0.0290644868301544,0.0181653042688465,0.2879200726612169,0.067211625794732,0.0663033605812897,0.064486830154405,0.0345140781108083,0.033605812897366,0.0317892824704813,0.0254314259763851,0.0181653042688465,0.0236148955495004
2021-04-17,0.6703499079189686,0.431578947368421,0.4118507681053401,0.2032318210068365,0.4479553903345725,0.4358024691358024,0.3541024059222702,0.0795314426633785,0.5046267735965454,0.4895320197044335,0.13375,0.6491661519456454,0.1789560894780447,0.4836520666255398,0.2237623762376237,0.5027760641579272,-0.08520179372197298,-0.3265895953757225,0.1826589595375722,-0.6861313868613139,0.5,1629.0,5.0,0.7446286065070595,0.6658414990885131,1.0,0.0079803560466543,0.241866175567833,0.4376918354818907,0.0006138735420503,0.3640270104358502,0.0,0.2320441988950276,0.4063842848373235,0.1786372007366482,0.1829343155310006,0.810926949048496,0.0791896869244935,0.0454266421117249,0.0466543891958256,0.0178023327194597,0.0251688152240638,0.0632289748311847,0.9116022099447514,0.1639042357274401,0.4112952731737262,1.0,331.0,36.11233885819521,38.696104169285434,161.0,8.168724279835391,10.785554266049228,0.7458563535911602,32.0,5.87,1674.5,202.35199108469536,164.70642315299725,834.0,119.0,4491.0,1041.1882494004797,609.7848708924492,-15.0,228.0,-1.353717026378897,14.567994877901592,0.854916067146283,0.8405275779376499,14.0,222.0,104.14028776978417,29.133393304579158,0.2326139088729016,8.9171974522,77.272727273,59.13532866523774,10.393131031967565,0.1942446043165467,0.2122302158273381,0.0851318944844124,0.09232613908872901,0.0839328537170263,0.0743405275779376,0.0467625899280575,0.0371702637889688,0.02757793764988,0.0311750599520383,0.0227817745803357,0.0251798561151079,0.0155875299760191,0.013189448441247,0.0023980815347721,0.0083932853717026,0.0095923261390887,0.0059952038369304,0.1642685851318945,0.0719424460431654,0.0815347721822542,0.0335731414868105,0.0503597122302158,0.0299760191846522,0.0311750599520383,0.0251798561151079,0.0251798561151079,0.0179856115107913,0.3093525179856115,0.0635491606714628,0.0647482014388489,0.0599520383693045,0.0407673860911271,0.039568345323741,0.0251798561151079,0.02757793764988,0.02757793764988,0.026378896882494
2021-04-18,0.6370903277378097,0.4603047313552526,0.4,0.1977401129943503,0.4565217391304347,0.4314354450681636,0.3726907630522088,0.1241987179487179,0.4786806114239743,0.4943910256410256,0.0999180999180999,0.587288817377313,0.1652806652806653,0.4690763052208835,0.24603174603174602,0.5032102728731942,-0.0353817504655493,-0.3248826291079812,0.1819548872180451,-0.7807017543859649,0.5,1251.0,4.0,0.7306155075939249,0.6848167206248121,1.0,0.0111910471622701,0.2302158273381295,0.4548361310951239,0.0,0.3421262989608313,1.0,0.2046362909672262,0.3956834532374099,0.2206235011990407,0.1790567545963229,0.7881694644284573,0.0799360511590727,0.052757793764988,0.0591526778577138,0.0199840127897681,0.0375699440447641,0.1334932054356515,0.8289368505195843,0.1398880895283773,0.4212629896083134,1.0,310.0,30.474020783373298,28.48432418963749,122.0,7.674107142857142,8.39465374464118,0.7162270183852918,21.0,19.6,2682.0,223.9732888465205,195.75401660438408,753.0,119.0,4491.0,1105.644090305445,656.6491224149722,-20.0,320.0,1.7848605577689245,26.225524237969555,0.8379814077025233,0.8459495351925631,39.0,216.0,106.40504648074369,26.512929925275532,0.2656042496679947,21.105527637999998,83.412322275,61.5246263184516,8.762971854199547,0.1779548472775564,0.1859229747675962,0.0903054448871182,0.1102257636122178,0.0836653386454183,0.0637450199203187,0.0624169986719787,0.0358565737051792,0.0278884462151394,0.0358565737051792,0.0292164674634794,0.0199203187250996,0.0159362549800796,0.0278884462151394,0.0013280212483399,0.0092961487383798,0.0079681274900398,0.0053120849933598,0.1447543160690571,0.0756972111553784,0.0796812749003984,0.0411686586985391,0.0544488711819389,0.0371845949535192,0.0345285524568393,0.0252324037184594,0.0358565737051792,0.0172642762284196,0.297476759628154,0.0571049136786188,0.0624169986719787,0.0597609561752988,0.0385126162018592,0.0398406374501992,0.0438247011952191,0.0265604249667994,0.0199203187250996,0.0278884462151394
2021-04-19,0.6425602660016625,0.4672818791946309,0.4441087613293051,0.1867115222876366,0.4643755238893545,0.4626990779547359,0.4005016722408027,0.1244778613199665,0.5071129707112971,0.5472013366750209,0.1352493660185968,0.5655806182121972,0.1402508551881414,0.5146198830409356,0.2084507042253521,0.5612416107382551,-0.1296296296296296,-0.3313667649950835,0.2204724409448819,-0.6513761467889908,0.3333333333333333,1203.0,4.0,0.6716541978387365,0.6906213943047702,1.0,0.0108063175394846,0.2211138819617622,0.5012468827930174,0.0,0.3690773067331671,3.0,0.1928512053200332,0.4214463840399002,0.199501246882793,0.1862011637572735,0.7381546134663342,0.1064006650041562,0.0606816292601828,0.0631753948462177,0.0315876974231088,0.0922693266832917,0.200332502078138,0.7073981712385703,0.1172069825436409,0.3890274314214463,1.0,209.0,26.748960931005826,24.611223076720186,288.0,6.996606334841629,13.672309179510188,0.7348295926849543,11.0,22.33,2853.81,219.97790291262126,187.2325847477462,740.0,119.0,2988.0,1077.035135135135,636.5052089631272,-17.0,140.0,-0.5783783783783784,14.21231117647898,0.8554054054054054,0.7891891891891892,20.0,222.0,102.4635135135135,29.276064913390908,0.2648648648648649,15.151515152,77.731092437,58.72414437727842,11.008957931961394,0.1932432432432432,0.1905405405405405,0.0918918918918919,0.0905405405405405,0.0824324324324324,0.0581081081081081,0.0554054054054054,0.0351351351351351,0.031081081081081,0.0351351351351351,0.027027027027027,0.0297297297297297,0.0135135135135135,0.0256756756756756,0.0013513513513513,0.0121621621621621,0.0081081081081081,0.0094594594594594,0.1432432432432432,0.0729729729729729,0.0662162162162162,0.0378378378378378,0.05,0.0378378378378378,0.0256756756756756,0.0256756756756756,0.0364864864864864,0.0229729729729729,0.3162162162162162,0.07702702702702703,0.0797297297297297,0.0567567567567567,0.0337837837837837,0.0378378378378378,0.0324324324324324,0.0283783783783783,0.0256756756756756,0.0216216216216216
2021-04-20,0.6620973269362577,0.4813793103448275,0.3783319002579535,0.2019363762102351,0.4603174603174603,0.4649725274725275,0.4074328974535444,0.1264604810996563,0.4931224209078404,0.5196145905024088,0.1334730957372467,0.6225895316804407,0.159392789373814,0.4776324845147969,0.2393736017897091,0.5310344827586206,-0.0787269681742043,-0.3527481542247744,0.272020725388601,-0.75,0.5,1459.0,6.0,0.7093899931459904,0.6813110480789952,1.0,0.0041124057573679994,0.277587388622344,0.4132967786154901,0.0,0.4194653872515421,0.0,0.2289239204934887,0.3742289239204935,0.2165867032213845,0.1802604523646333,0.798492117888965,0.0760795065113091,0.0527758738862234,0.050034270047977995,0.0226182316655243,0.0562028786840301,0.1048663468128855,0.8389307745030843,0.1439342015078821,0.3906785469499657,1.0,325.0,30.30363262508568,30.729186703594927,210.0,9.002811621368322,17.050938791261746,0.7313228238519534,16.0,5.6,1801.91,202.84839743589745,169.8156924891019,753.0,119.0,4491.0,1078.1341301460823,632.483839938264,-16.0,202.0,-0.4913678618857902,18.910279270524565,0.8831341301460823,0.8366533864541833,21.0,223.0,97.6281540504648,31.75684469557375,0.24833997343957506,14.375,77.251184834,55.80780191759364,12.692331568678872,0.1872509960159362,0.1885790172642762,0.0929614873837981,0.0836653386454183,0.09827357237715804,0.0677290836653386,0.0544488711819389,0.0411686586985391,0.0252324037184594,0.0358565737051792,0.0252324037184594,0.0265604249667994,0.0185922974767596,0.0159362549800796,0.0053120849933598,0.0079681274900398,0.0092961487383798,0.0026560424966799,0.1301460823373174,0.0783532536520584,0.0743691899070385,0.0385126162018592,0.046480743691899,0.0385126162018592,0.0318725099601593,0.0252324037184594,0.0305444887118193,0.0239043824701195,0.3173970783532536,0.0770252324037184,0.0584329349269588,0.0783532536520584,0.0438247011952191,0.0292164674634794,0.0292164674634794,0.0345285524568393,0.0225763612217795,0.0252324037184594
2021-04-21,0.6671009771986971,0.4655285620485883,0.37307380373073795,0.1591058514135437,0.4783464566929133,0.4626474442988204,0.3748361730013106,0.060983606557377,0.5154098360655738,0.539672131147541,0.1530748663101604,0.6243455497382199,0.1364877161055505,0.4852652259332023,0.2086021505376344,0.5318450426789232,-0.1473851030110935,-0.3539755351681957,0.18062200956937802,-0.7622377622377622,0.0,1535.0,4.0,0.7061889250814333,0.651190467959837,1.0,0.0052117263843648,0.2749185667752443,0.4110749185667752,0.0,0.3719869706840391,2.0,0.2482084690553745,0.3954397394136807,0.2013029315960912,0.1550488599348534,0.7980456026058632,0.0814332247557003,0.0475570032573289,0.0501628664495114,0.022801302931595997,0.0456026058631921,0.1029315960912052,0.8514657980456026,0.1335504885993485,0.4006514657980456,1.0,313.0,32.24511082138201,30.901985470542694,203.0,8.333919156414762,16.119854267368492,0.7413680781758958,19.0,21.27,5572.5,208.4608346333853,227.98089854865017,793.0,119.0,4491.0,1098.7427490542243,641.5599453958865,-17.0,186.0,-1.614123581336696,13.920495835744893,0.8789407313997478,0.8171500630517023,23.0,220.0,101.8953341740227,29.63264802903518,0.2559899117276166,14.649681529,76.890756303,58.52400387371629,10.86190428864397,0.1715006305170239,0.1929382093316519,0.0933165195460277,0.094577553593947,0.0933165195460277,0.0680958385876418,0.0529634300126103,0.0365699873896595,0.0290037831021437,0.0340479192938209,0.0226986128625472,0.0214375788146279,0.0214375788146279,0.0264817150063051,0.0050441361916771,0.008827238335434999,0.0113493064312736,0.0063051702395964,0.1361916771752837,0.0832282471626734,0.0832282471626734,0.0428751576292559,0.0466582597730138,0.0491803278688524,0.0353089533417402,0.0189155107187894,0.0315258511979823,0.0226986128625472,0.3165195460277427,0.0744010088272383,0.0655737704918032,0.0605296343001261,0.0403530895334174,0.0315258511979823,0.0264817150063051,0.0290037831021437,0.0189155107187894,0.0163934426229508
2021-04-22,0.6624621594349143,0.4794102694458566,0.4350728155339806,0.1901840490797546,0.5038167938931297,0.4824961948249619,0.3968495934959349,0.12038442083965599,0.5350253807106599,0.539553752535497,0.1252566735112936,0.6654840344652813,0.1420454545454545,0.4977168949771689,0.1934959349593495,0.5605289928789421,-0.1680376028202115,-0.3241296518607443,0.1988071570576541,-0.7867647058823529,0.5,1982.0,6.0,0.6629667003027245,0.6743522911061028,1.0,0.007063572149344,0.2780020181634712,0.4197780020181634,0.0,0.3456104944500504,2.0,0.239656912209889,0.4036326942482341,0.1962663975782038,0.160443995963673,0.7810292633703331,0.0973763874873864,0.0479313824419778,0.0554994954591321,0.0181634712411705,0.027749747729566003,0.0761856710393541,0.8960645812310797,0.1402623612512613,0.4096871846619576,1.0,326.0,33.518163471241174,31.443938607808803,191.0,5.9943785134291065,9.54210895867041,0.8077699293642785,15.0,17.9,1843.26,216.34622141997602,182.5518886624476,996.0,119.0,4491.0,1096.7811244979919,648.6157756385338,-18.0,131.0,-2.2399598393574296,11.921166918632714,0.8845381526104418,0.8594377510040161,29.0,222.0,105.72389558232928,28.75355466397521,0.2590361445783132,10.45751634,77.251184834,60.70119276457422,9.793027788573779,0.1736947791164658,0.2018072289156626,0.0873493975903614,0.1064257028112449,0.0853413654618474,0.0612449799196787,0.0542168674698795,0.0341365461847389,0.0281124497991967,0.038152610441767,0.0210843373493975,0.0230923694779116,0.0180722891566265,0.0220883534136546,0.0090361445783132,0.0110441767068273,0.0070281124497991,0.0040160642570281,0.1586345381526104,0.0682730923694779,0.07228915662650601,0.0391566265060241,0.0522088353413654,0.03714859437751,0.0321285140562249,0.0271084337349397,0.0261044176706827,0.0190763052208835,0.3042168674698795,0.07228915662650601,0.0823293172690763,0.0552208835341365,0.0331325301204819,0.0331325301204819,0.0311244979919678,0.0220883534136546,0.0160642570281124,0.0251004016064257
2021-04-23,0.68066355624676,0.4393545028630921,0.3982999392835458,0.1717118997912317,0.4445023449713392,0.4293873312564901,0.3464935064935065,0.0722077922077922,0.4716883116883117,0.5041666666666667,0.1037037037037037,0.6318252730109204,0.1593291404612159,0.4566805845511482,0.1925675675675675,0.4773790951638065,-0.1509872241579558,-0.3457019171304885,0.1653306613226453,-0.75,1.0,1929.0,10.0,0.6132711249351996,0.7061893895710756,0.0,0.0062208398133748,0.2519440124416796,0.4536029030585796,0.0005184033177812,0.3265940902021773,8.0,0.2721617418351477,0.3722135821669258,0.1985484707102125,0.1570762052877138,0.7812337998963194,0.0772420943494038,0.0523587350959046,0.0637636080870917,0.0254017625712804,0.0279937791601866,0.0694660445826853,0.902540176257128,0.1415241057542768,0.4007257646448937,1.0,311.0,31.970969414204248,30.031452860914698,210.0,5.883408071748879,9.708599818144917,0.809227579056506,23.0,22.33,2667.91,198.1954865034526,167.24047585167727,1010.0,119.0,4491.0,1071.1554455445544,639.7377502486548,-25.0,290.0,-1.9118811881188118,13.837122668820086,0.8811881188118812,0.8435643564356435,29.0,222.0,106.990099009901,27.407758643952107,0.2396039603960396,21.96969697,78.761061947,61.56426276647925,8.748503050530791,0.1732673267326732,0.20099009900990092,0.099009900990099,0.092079207920792,0.0861386138613861,0.0643564356435643,0.0554455445544554,0.0316831683168316,0.0297029702970297,0.0386138613861386,0.0227722772277227,0.0306930693069306,0.0207920792079207,0.0158415841584158,0.0049504950495049,0.0099009900990099,0.0069306930693069,0.0059405940594059,0.1673267326732673,0.0782178217821782,0.0792079207920792,0.0386138613861386,0.0465346534653465,0.0386138613861386,0.0257425742574257,0.0257425742574257,0.0287128712871287,0.0207920792079207,0.3019801980198019,0.0633663366336633,0.0633663366336633,0.0564356435643564,0.0475247524752475,0.0267326732673267,0.0297029702970297,0.0277227722772277,0.0247524752475247,0.0217821782178217
2021-04-24,0.5841463414634146,0.4100985221674877,0.3180811808118081,0.0658461538461538,0.3400984009840098,0.39804639804639796,0.3304773561811505,0.07339449541284401,0.4360856269113149,0.4413919413919414,0.0805243445692883,0.4157991426821799,0.1035332785538208,0.4201834862385321,0.1220930232558139,0.4479166666666667,-0.1354466858789625,-0.3414985590778098,0.1625441696113074,-0.8053097345132744,0.6666666666666666,1640.0,5.0,0.6884146341463414,0.6967981676381655,1.0,0.0115853658536585,0.25060975609756103,0.4451219512195122,0.0,0.3890243902439024,5.0,0.2445121951219512,0.3871951219512195,0.1963414634146341,0.1707317073170731,0.8121951219512196,0.0756097560975609,0.0506097560975609,0.0414634146341463,0.0201219512195121,0.0317073170731707,0.0707317073170731,0.8975609756097561,0.1530487804878048,0.3993902439024389,1.0,324.0,35.203048780487805,35.88782762020002,266.0,8.542218543046358,15.775450153678825,0.7365853658536585,34.0,31.63,3376.5,196.0691392215569,190.62013212608971,870.0,119.0,4491.0,1024.7632183908047,605.4845221685831,-17.0,283.0,5.909195402298851,34.00273844039976,0.7908045977011494,0.6620689655172414,9.0,218.0,101.4367816091954,28.40987249166257,0.2528735632183908,4.7120418848000005,94.545454545,58.552499632961776,11.137354892385314,0.1850574712643678,0.1988505747126436,0.093103448275862,0.0942528735632183,0.0885057471264367,0.0758620689655172,0.0494252873563218,0.0310344827586206,0.0298850574712643,0.0379310344827586,0.0195402298850574,0.0183908045977011,0.0183908045977011,0.0172413793103448,0.0045977011494252,0.0126436781609195,0.0114942528735632,0.0068965517241379,0.1505747126436781,0.0724137931034482,0.064367816091954,0.0344827586206896,0.0425287356321839,0.0425287356321839,0.0344827586206896,0.025287356321839,0.0229885057471264,0.0206896551724137,0.3333333333333333,0.060919540229885,0.0770114942528735,0.0597701149425287,0.0333333333333333,0.0344827586206896,0.028735632183907997,0.0275862068965517,0.0275862068965517,0.0206896551724137
2021-04-25,0.5530546623794212,0.3731825525040387,0.2963320463320463,0.0577705451586655,0.3034987794955248,0.3301049233252623,0.31774193548387103,0.0638126009693053,0.3693548387096774,0.38852988691437795,0.0090386195562859,0.3904607922392886,0.0472527472527472,0.3790322580645161,-0.0081081081081081,0.3964401294498382,-0.2033271719038817,-0.3973256924546323,0.130298273155416,-0.7894736842105263,0.2,1244.0,4.0,0.6921221864951769,0.6919156179676047,1.0,0.0104501607717041,0.1945337620578778,0.4429260450160772,0.0,0.3520900321543408,4.0,0.2090032154340836,0.4131832797427652,0.1993569131832797,0.17765273311897098,0.7909967845659164,0.0908360128617363,0.0530546623794212,0.040192926045016,0.0249196141479099,0.0538585209003215,0.1559485530546623,0.7901929260450161,0.1334405144694533,0.3665594855305466,1.0,314.0,30.14389067524116,30.660773962691426,227.0,7.450602409638554,13.478458652468948,0.6672025723472669,14.0,5.6,3446.82,235.2782917466411,219.3230436533892,782.0,119.0,4491.0,1113.9987212276212,653.2387498265323,-23.0,460.0,12.645780051150894,46.11832581270899,0.6943734015345269,0.6815856777493606,16.0,228.0,108.71994884910484,28.71997499807104,0.21739130434782605,8.8888888889,84.07643312100001,61.75486463458301,9.460248072696846,0.170076726342711,0.2148337595907928,0.0946291560102301,0.0946291560102301,0.0690537084398976,0.0601023017902813,0.0511508951406649,0.0345268542199488,0.0294117647058823,0.0370843989769821,0.0332480818414322,0.0230179028132992,0.0217391304347826,0.0191815856777493,0.0102301790281329,0.0089514066496163,0.0115089514066496,0.0076726342710997,0.1381074168797953,0.067774936061381,0.0767263427109974,0.0409207161125319,0.0498721227621483,0.0409207161125319,0.0294117647058823,0.0242966751918158,0.0255754475703324,0.0217391304347826,0.3043478260869565,0.0562659846547314,0.0754475703324808,0.0652173913043478,0.0434782608695652,0.0370843989769821,0.0345268542199488,0.0281329923273657,0.0255754475703324,0.0217391304347826
2021-04-26,0.6477987421383647,0.4453477868112014,0.3889479277364506,0.1901728844404003,0.4628623188405797,0.4192966636609558,0.3654365436543654,0.0702070207020702,0.4923354373309287,0.5085662759242561,0.0935185185185185,0.5981981981981982,0.1127272727272727,0.5071942446043165,0.1942675159235669,0.5280289330922242,-0.1290983606557377,-0.3493723849372385,0.2487479131886477,-0.7017543859649122,1.0,1113.0,10.0,0.6612758310871518,0.7605971884127981,0.0,0.0098831985624438,0.2327044025157232,0.4779874213836478,0.0,0.3593890386343216,2.0,0.1940700808625337,0.3935309973045822,0.2174303683737646,0.1949685534591195,0.710691823899371,0.1042228212039532,0.0727762803234501,0.0799640610961365,0.0323450134770889,0.0664869721473495,0.2228212039532794,0.710691823899371,0.141958670260557,0.3782569631626235,1.0,245.0,27.219424460431647,27.52010083527106,180.0,6.650190114068441,11.566704166199605,0.7088948787061995,14.0,22.33,3101.1,231.16986652977408,215.37004593824932,716.0,119.0,2988.0,1066.3393854748604,622.5108851569764,-21.0,330.0,0.2318435754189944,25.26822582447679,0.8561452513966481,0.8310055865921788,3.0,222.0,103.61033519553072,28.066660996062694,0.2639664804469274,1.5706806283,84.87394958,59.98862763118206,10.738765278623195,0.1675977653631284,0.2150837988826815,0.0824022346368715,0.1047486033519553,0.0879888268156424,0.0558659217877094,0.0544692737430167,0.0377094972067039,0.0335195530726257,0.0405027932960893,0.0181564245810055,0.0251396648044692,0.0181564245810055,0.0195530726256983,0.0041899441340782,0.0111731843575419,0.0083798882681564,0.0069832402234636,0.1578212290502793,0.0698324022346368,0.0572625698324022,0.0335195530726257,0.0488826815642458,0.0391061452513966,0.0223463687150838,0.0279329608938547,0.0223463687150838,0.0167597765363128,0.3016759776536313,0.0628491620111731,0.0670391061452514,0.0558659217877094,0.0418994413407821,0.0446927374301676,0.0363128491620111,0.0321229050279329,0.0251396648044692,0.020949720670391
2021-04-27,0.6802232854864434,0.4533762057877814,0.4254689042448173,0.1721907841552142,0.4715316760224539,0.4602409638554217,0.3637090327737809,0.0592473979183346,0.4695512820512821,0.5591311343523733,0.1556642216788916,0.6637309847878302,0.06907894736842099,0.4959871589085072,0.1314432989690721,0.5217041800643086,-0.1138996138996139,-0.405893536121673,0.1785714285714285,-0.8314606741573034,0.6666666666666666,1254.0,5.0,0.6850079744816587,0.6783495709435116,1.0,0.0079744816586921,0.2631578947368421,0.43062200956937796,0.0,0.4162679425837321,0.0,0.2464114832535885,0.3899521531100478,0.2041467304625199,0.1594896331738437,0.7918660287081339,0.087719298245614,0.0542264752791068,0.0454545454545454,0.0207336523125996,0.0430622009569378,0.131578947368421,0.8253588516746412,0.1307814992025518,0.3955342902711323,1.0,326.0,30.897129186602868,28.87993874065636,189.0,9.87010078387458,19.36650672199686,0.7121212121212122,19.0,19.26,7232.46,205.5481611374408,272.6705575709727,715.0,133.0,4491.0,1066.553846153846,622.1171391640236,-17.0,158.0,-2.2461538461538457,12.941945188819805,0.8909090909090909,0.8755244755244755,15.0,222.0,101.13566433566432,31.4200296640352,0.2517482517482518,11.363636364000001,77.725118483,57.34334221656779,12.00896027731534,0.1972027972027972,0.17902097902097894,0.1034965034965035,0.0769230769230769,0.0825174825174825,0.0559440559440559,0.0503496503496503,0.0377622377622377,0.0335664335664335,0.0335664335664335,0.0251748251748251,0.0209790209790209,0.0321678321678321,0.0181818181818181,0.0069930069930069,0.0083916083916083,0.0111888111888111,0.0111888111888111,0.1524475524475524,0.0825174825174825,0.0643356643356643,0.0307692307692307,0.0461538461538461,0.0335664335664335,0.0265734265734265,0.0279720279720279,0.0293706293706293,0.0209790209790209,0.3272727272727272,0.0713286713286713,0.0629370629370629,0.0657342657342657,0.0419580419580419,0.0391608391608391,0.0293706293706293,0.0307692307692307,0.0209790209790209,0.0223776223776223
2021-04-28,0.6555989583333334,0.4613368283093054,0.3798701298701298,0.2005259697567389,0.4632063074901445,0.4640992167101828,0.3899412148922273,0.0777777777777777,0.4996734160679295,0.5583822570123941,0.1315965263861055,0.6644823066841415,0.1062271062271062,0.4506858262573481,0.1610169491525423,0.5307994757536042,-0.0831918505942275,-0.3379522709776751,0.2087765957446808,-0.7407407407407407,0.0,1536.0,4.0,0.7096354166666666,0.6907944705503141,1.0,0.0078125,0.2747395833333333,0.392578125,0.0,0.3763020833333333,3.0,0.234375,0.3736979166666667,0.2154947916666666,0.1764322916666666,0.7766927083333334,0.099609375,0.0533854166666666,0.0442708333333333,0.0260416666666666,0.0423177083333333,0.1165364583333333,0.8411458333333334,0.1477864583333333,0.3932291666666667,1.0,310.0,32.41796875,29.648534732210642,224.0,9.263620386643234,20.237049756215416,0.7408854166666666,29.0,9.0,2828.6,216.18333591931733,216.45680680234557,797.0,119.0,4491.0,1047.1430363864492,636.547111961122,-17.0,261.0,-1.9749058971141784,17.438171399438893,0.8946047678795483,0.8695106649937264,26.0,224.0,104.82434127979923,31.208357335203875,0.2659974905897114,16.25,80.53097345100001,59.95554367308529,11.088653305110602,0.19196988707653692,0.1944792973651192,0.0928481806775407,0.0953575909661229,0.0928481806775407,0.0501882057716436,0.0388958594730238,0.0388958594730238,0.0326223337515683,0.0439146800501882,0.0250941028858218,0.0238393977415307,0.0213299874529485,0.0213299874529485,0.0087829360100376,0.0087829360100376,0.0062735257214554,0.0037641154328732,0.1505646173149309,0.0752823086574654,0.0639899623588456,0.0439146800501882,0.0614805520702634,0.0351317440401505,0.0351317440401505,0.0250941028858218,0.0288582183186951,0.0263488080301129,0.2910915934755332,0.0765370138017565,0.0577164366373902,0.0752823086574654,0.0464240903387703,0.0288582183186951,0.0250941028858218,0.0338770388958594,0.0175658720200752,0.0200752823086574
2021-04-29,0.6577889447236179,0.4531170805879371,0.3991596638655462,0.1675126903553299,0.4524772497472194,0.4558303886925795,0.3588056680161943,0.089808274470232,0.4607991906929691,0.551185073121533,0.1097998973832734,0.6446239273094396,0.1302549965541006,0.4600606673407482,0.1851851851851851,0.5080808080808081,-0.1164144353899883,-0.3545290941811637,0.1636178861788617,-0.7572254335260116,0.0,1990.0,6.0,0.6804020100502512,0.6906455612672244,1.0,0.0070351758793969,0.2623115577889447,0.4497487437185929,0.0,0.3557788944723618,9.0,0.2165829145728643,0.3909547738693467,0.221608040201005,0.1703517587939698,0.7557788944723618,0.1020100502512562,0.0582914572864321,0.0562814070351758,0.0276381909547738,0.0427135678391959,0.0939698492462311,0.8633165829145729,0.1427135678391959,0.4015075376884422,1.0,318.0,33.23467336683417,30.52242791952186,187.0,7.489537095751428,16.171669416829175,0.7924623115577889,17.0,17.21,3682.68,211.7460332541568,200.56845714194043,1049.0,119.0,4491.0,1074.4737845567206,622.193260771215,-20.0,371.0,-1.011439466158246,18.930111084063075,0.8798856053384175,0.8331744518589133,33.0,225.0,107.71115347950428,28.036465477544745,0.2697807435653003,18.32460733,97.90575916200001,61.71058882287132,8.982426848616074,0.1868446139180171,0.2030505243088655,0.0905624404194471,0.10581506196377499,0.0829361296472831,0.0619637750238322,0.0495710200190657,0.0285986653956148,0.0228789323164918,0.0381315538608198,0.0219256434699714,0.0257387988560533,0.0181124880838894,0.0162059103908484,0.0095328884652049,0.0123927550047664,0.0066730219256434,0.0057197330791229,0.1687321258341277,0.0791229742612011,0.0648236415633937,0.0362249761677788,0.0552907530981887,0.0352716873212583,0.0333651096282173,0.0190657769304099,0.0352716873212583,0.0181124880838894,0.2907530981887511,0.0714966634890371,0.0714966634890371,0.0657769304099142,0.0409914204003813,0.0285986653956148,0.0295519542421353,0.0295519542421353,0.0200190657769304,0.0209723546234509
2021-04-30,0.6451271186440678,0.4525586353944563,0.3970497848801475,0.1693376068376068,0.4650666666666667,0.4379989356040447,0.3530351437699679,0.0934678704195432,0.4598190526875997,0.5226425146510388,0.1050646551724138,0.6320553780617678,0.1486199575371549,0.4790005316321106,0.2242314647377938,0.4882478632478632,-0.13609467455621302,-0.3252788104089219,0.2058823529411764,-0.6734693877551021,1.0,1888.0,6.0,0.6832627118644068,0.7259995217730434,0.0,0.0090042372881355,0.2468220338983051,0.4470338983050847,0.0,0.3273305084745763,6.0,0.2335805084745762,0.3728813559322034,0.1859110169491525,0.2070974576271186,0.7680084745762712,0.0842161016949152,0.0524364406779661,0.0630296610169491,0.0323093220338983,0.0338983050847457,0.0831567796610169,0.8829449152542372,0.1800847457627118,0.3951271186440678,1.0,295.0,32.573093220338976,29.19439363257459,154.0,7.412831241283124,12.912384008585644,0.7595338983050848,18.0,22.33,1382.33,210.61269720101782,170.82269176137228,1008.0,119.0,4491.0,1092.6309523809523,647.1171842588819,-18.0,275.0,-0.6398809523809523,17.446023348345538,0.8511904761904762,0.8571428571428571,18.0,227.0,109.50694444444444,26.89473302964241,0.2837301587301587,11.25,84.848484848,62.42913135885029,8.184338638821727,0.2003968253968254,0.1994047619047619,0.0952380952380952,0.1061507936507936,0.0694444444444444,0.0634920634920634,0.0486111111111111,0.0337301587301587,0.0238095238095238,0.0376984126984126,0.0198412698412698,0.0228174603174603,0.0198412698412698,0.0188492063492063,0.0049603174603174,0.0099206349206349,0.0069444444444444,0.0049603174603174,0.1686507936507936,0.0724206349206349,0.0694444444444444,0.0317460317460317,0.0555555555555555,0.0406746031746031,0.0277777777777777,0.0238095238095238,0.0376984126984126,0.0208333333333333,0.2837301587301587,0.0734126984126984,0.0625,0.0674603174603174,0.0436507936507936,0.0317460317460317,0.0327380952380952,0.0248015873015873,0.0238095238095238,0.0188492063492063
2021-05-01,0.5245310245310245,0.3412149872680975,0.3248927038626609,0.0142180094786729,0.3259367042560931,0.3449401523394994,0.2526315789473684,0.0007246376811594,0.3117071402682131,0.3900580551523948,0.0383339476594176,0.5226695683714182,0.0595348837209302,0.3691470054446461,0.0243337195828505,0.4173343044428259,-0.1497056349873843,-0.4046530951391774,0.0944881889763779,-0.8211586901763224,0.3888888888888889,2772.0,8.0,0.8145743145743146,0.7642997889160597,1.0,0.0147907647907647,0.2445887445887445,0.4307359307359307,0.0010822510822510003,0.39502164502164505,22.0,0.2539682539682539,0.2936507936507936,0.1994949494949495,0.2528860028860029,0.7521645021645021,0.1056998556998557,0.0588023088023088,0.0584415584415584,0.0248917748917748,0.0317460317460317,0.0909090909090909,0.8773448773448773,0.2189754689754689,0.4242424242424242,1.0,329.0,33.84379509379509,37.40914345683153,322.0,11.560124934929723,23.27153243022577,0.693001443001443,48.0,15.44,2763.36,200.96567106945042,170.7415195421858,1108.0,119.0,4491.0,1068.629963898917,636.7309480206675,-18.0,330.0,4.493682310469313,23.57346348049605,0.6552346570397112,0.8249097472924187,18.0,292.0,136.07671480144404,45.010291699181614,0.2075812274368231,13.612565445,100.0,78.31608681590161,20.80175283276814,0.1859205776173285,0.1976534296028881,0.0947653429602888,0.0992779783393501,0.085740072202166,0.0685920577617328,0.0505415162454873,0.0324909747292418,0.0261732851985559,0.0324909747292418,0.0162454873646209,0.0189530685920577,0.0216606498194945,0.01985559566787,0.0027075812274368,0.0126353790613718,0.0072202166064981,0.0081227436823104,0.1705776173285198,0.0631768953068592,0.0631768953068592,0.0351985559566787,0.0478339350180505,0.0361010830324909,0.0379061371841155,0.0261732851985559,0.0315884476534296,0.0225631768953068,0.2924187725631769,0.0740072202166065,0.0667870036101083,0.0631768953068592,0.0379061371841155,0.0370036101083032,0.0324909747292418,0.0315884476534296,0.0225631768953068,0.0243682310469314
2021-05-02,0.5245310245310245,0.3412149872680975,0.3248927038626609,0.0142180094786729,0.3259367042560931,0.3449401523394994,0.2526315789473684,0.0007246376811594,0.3117071402682131,0.3900580551523948,0.0383339476594176,0.5226695683714182,0.0595348837209302,0.3691470054446461,0.0243337195828505,0.4173343044428259,-0.1497056349873843,-0.4046530951391774,0.0944881889763779,-0.8211586901763224,0.3888888888888889,2772.0,8.0,0.8145743145743146,0.7642997889160597,1.0,0.0147907647907647,0.2445887445887445,0.4307359307359307,0.0010822510822510003,0.39502164502164505,22.0,0.2539682539682539,0.2936507936507936,0.1994949494949495,0.2528860028860029,0.7521645021645021,0.1056998556998557,0.0588023088023088,0.0584415584415584,0.0248917748917748,0.0317460317460317,0.0909090909090909,0.8773448773448773,0.2189754689754689,0.4242424242424242,1.0,329.0,33.84379509379509,37.40914345683153,322.0,11.560124934929723,23.27153243022577,0.693001443001443,48.0,15.44,2763.36,200.96567106945042,170.7415195421858,1108.0,119.0,4491.0,1068.629963898917,636.7309480206675,-18.0,330.0,4.493682310469313,23.57346348049605,0.6552346570397112,0.8249097472924187,18.0,292.0,136.07671480144404,45.010291699181614,0.2075812274368231,13.612565445,100.0,78.31608681590161,20.80175283276814,0.1859205776173285,0.1976534296028881,0.0947653429602888,0.0992779783393501,0.085740072202166,0.0685920577617328,0.0505415162454873,0.0324909747292418,0.0261732851985559,0.0324909747292418,0.0162454873646209,0.0189530685920577,0.0216606498194945,0.01985559566787,0.0027075812274368,0.0126353790613718,0.0072202166064981,0.0081227436823104,0.1705776173285198,0.0631768953068592,0.0631768953068592,0.0351985559566787,0.0478339350180505,0.0361010830324909,0.0379061371841155,0.0261732851985559,0.0315884476534296,0.0225631768953068,0.2924187725631769,0.0740072202166065,0.0667870036101083,0.0631768953068592,0.0379061371841155,0.0370036101083032,0.0324909747292418,0.0315884476534296,0.0225631768953068,0.0243682310469314
2021-05-03,0.5245310245310245,0.3412149872680975,0.3248927038626609,0.0142180094786729,0.3259367042560931,0.3449401523394994,0.2526315789473684,0.0007246376811594,0.3117071402682131,0.3900580551523948,0.0383339476594176,0.5226695683714182,0.0595348837209302,0.3691470054446461,0.0243337195828505,0.4173343044428259,-0.1497056349873843,-0.4046530951391774,0.0944881889763779,-0.8211586901763224,0.3888888888888889,2772.0,8.0,0.8145743145743146,0.7642997889160597,1.0,0.0147907647907647,0.2445887445887445,0.4307359307359307,0.0010822510822510003,0.39502164502164505,22.0,0.2539682539682539,0.2936507936507936,0.1994949494949495,0.2528860028860029,0.7521645021645021,0.1056998556998557,0.0588023088023088,0.0584415584415584,0.0248917748917748,0.0317460317460317,0.0909090909090909,0.8773448773448773,0.2189754689754689,0.4242424242424242,1.0,329.0,33.84379509379509,37.40914345683153,322.0,11.560124934929723,23.27153243022577,0.693001443001443,48.0,15.44,2763.36,200.96567106945042,170.7415195421858,1108.0,119.0,4491.0,1068.629963898917,636.7309480206675,-18.0,330.0,4.493682310469313,23.57346348049605,0.6552346570397112,0.8249097472924187,18.0,292.0,136.07671480144404,45.010291699181614,0.2075812274368231,13.612565445,100.0,78.31608681590161,20.80175283276814,0.1859205776173285,0.1976534296028881,0.0947653429602888,0.0992779783393501,0.085740072202166,0.0685920577617328,0.0505415162454873,0.0324909747292418,0.0261732851985559,0.0324909747292418,0.0162454873646209,0.0189530685920577,0.0216606498194945,0.01985559566787,0.0027075812274368,0.0126353790613718,0.0072202166064981,0.0081227436823104,0.1705776173285198,0.0631768953068592,0.0631768953068592,0.0351985559566787,0.0478339350180505,0.0361010830324909,0.0379061371841155,0.0261732851985559,0.0315884476534296,0.0225631768953068,0.2924187725631769,0.0740072202166065,0.0667870036101083,0.0631768953068592,0.0379061371841155,0.0370036101083032,0.0324909747292418,0.0315884476534296,0.0225631768953068,0.0243682310469314
2021-05-04,0.5596669750231268,0.3662952646239554,0.3070516379789006,0.0135704258306036,0.3052582596556538,0.3895078922934076,0.2641597028783658,0.0032452480296708,0.355782628889921,0.4649651972157773,0.0626767200754005,0.4208081746400371,0.0532994923857868,0.383008356545961,0.1040723981900452,0.4493023255813953,-0.1742919389978213,-0.4586301369863014,0.1101774042950513,-0.779783393501805,0.4,2162.0,5.0,0.7502312673450509,0.7202771088566933,1.0,0.0064754856614246,0.2641073080481036,0.4283071230342276,0.0,0.3820536540240518,5.0,0.2271045328399629,0.2983348751156336,0.2025901942645698,0.2719703977798335,0.7123034227567068,0.1040703052728954,0.0767807585568917,0.0712303422756706,0.0356151711378353,0.0652173913043478,0.1581868640148011,0.7765957446808509,0.1910268270120259,0.4333950046253469,1.0,331.0,29.49491211840888,33.481237495721885,238.0,11.754882154882154,26.66193943098061,0.68686401480111,25.0,11.0,4205.5,191.7642320261438,178.41209042774972,938.0,119.0,4491.0,1036.7633262260126,614.6983481246851,-24.0,407.0,9.652452025586356,35.722855586730105,0.6289978678038379,0.6172707889125799,23.0,284.0,120.08955223880596,45.438976842004,0.2388059701492537,13.888888889,100.0,69.18988965423557,21.378814499478267,0.197228144989339,0.1886993603411514,0.0852878464818763,0.0927505330490405,0.0948827292110874,0.056503198294242996,0.0533049040511727,0.0362473347547974,0.033049040511727,0.0405117270788912,0.0234541577825159,0.0234541577825159,0.0202558635394456,0.0170575692963752,0.0042643923240938,0.0074626865671641,0.0127931769722814,0.0042643923240938,0.173773987206823,0.068230277185501,0.0628997867803838,0.033049040511727,0.0479744136460554,0.0405117270788912,0.0351812366737739,0.0202558635394456,0.0277185501066098,0.0223880597014925,0.2974413646055437,0.0778251599147121,0.0714285714285714,0.0746268656716417,0.0362473347547974,0.0341151385927505,0.0298507462686567,0.0309168443496801,0.0191897654584221,0.0234541577825159
2021-05-05,0.5652173913043478,0.3432890855457227,0.319668556476232,0.0827178729689808,0.3382407066617593,0.3780308596620132,0.2488055861815509,-0.0329791132282887,0.3376146788990826,0.46071953010279,0.0324384787472035,0.5586940572267058,0.0317540322580645,0.3714180749448935,0.071849234393404,0.4338370807224475,-0.2029702970297029,-0.4001695633743111,0.0879940343027591,-0.7705882352941177,0.1428571428571428,2737.0,8.0,0.7380343441724516,0.7176682680543242,1.0,0.0051150895140664,0.2393131165509682,0.4409937888198758,0.0010960906101571,0.3909389842893679,5.0,0.227621483375959,0.3204238217025941,0.2053343076360979,0.2466203872853489,0.742053343076361,0.10303251735476801,0.0635732553891121,0.0632078918523931,0.0281329923273657,0.0529777128242601,0.1337230544391669,0.8132992327365729,0.1852393131165509,0.4256485202776763,1.0,301.0,29.22323712093533,28.978494509711524,215.0,8.776957163958642,18.775678135710567,0.742053343076361,33.0,17.86,3722.58,200.03492248062008,202.74674559230442,1138.0,119.0,4491.0,1066.0702987697716,646.0715522591978,-19.0,178.0,0.554481546572935,14.39244897985544,0.7618629173989455,0.804920913884007,17.0,290.0,126.63181019332157,45.04926189069271,0.2223198594024604,8.9005235602,100.0,73.83208363706784,20.84783655554361,0.1660808435852372,0.1889279437609841,0.0984182776801406,0.10193321616871699,0.0922671353251318,0.070298769771529,0.0544815465729349,0.0228471001757469,0.0333919156414762,0.0518453427065026,0.0263620386643233,0.0123022847100175,0.0246045694200351,0.0114235500878734,0.0043936731107205,0.007908611599297,0.007908611599297,0.007908611599297,0.1652021089630931,0.0632688927943761,0.0676625659050966,0.0369068541300527,0.055360281195079006,0.0439367311072056,0.0281195079086115,0.0228471001757469,0.0333919156414762,0.015817223198594,0.2882249560632688,0.0720562390158172,0.0738137082601054,0.0597539543057996,0.039543057996485,0.0254833040421792,0.0333919156414762,0.0333919156414762,0.0228471001757469,0.0202108963093145
2021-05-06,0.5152510558423276,0.3117466320018908,0.3246498599439776,0.0158918406072106,0.2729851099030962,0.3370256893707282,0.2177095631641086,-0.0751472320376914,0.2848056537102473,0.4209159584513692,-0.0122537241710716,0.4429245283018868,0.0376595082477435,0.3586776859504132,0.0372720063441712,0.4103048924604112,-0.2070063694267516,-0.4118763557483731,0.0763653939101015,-0.8456260720411664,0.3,4262.0,7.0,0.7121069920225246,0.6898457662606879,1.0,0.008916001877053001,0.2456593148756452,0.4544814641013608,0.000469263256687,0.3585171281088691,0.0,0.2451900516189582,0.3287189113092444,0.1891130924448615,0.2369779446269357,0.7444861567339277,0.0959643359924917,0.0621773815110276,0.0661661191928672,0.0312060065696855,0.0380103237916471,0.0872829657437822,0.8747067104645706,0.195448146410136,0.4108399812294697,1.0,321.0,29.87939934303144,26.379516756555446,200.0,6.88152790211877,14.478001496631364,0.7862505865790709,49.0,13.83,2305.0,188.86274059734512,145.78581453183682,1578.0,119.0,4491.0,1067.257287705957,647.6115874943388,-17.0,314.0,4.700253485424588,24.72146959443223,0.6590621039290241,0.6951837769328264,23.0,300.0,137.74461343472748,42.958401662999115,0.1951837769328263,12.777777777999999,100.0,80.3815971046247,19.150233652801525,0.1812420785804816,0.1926489226869455,0.0969581749049429,0.0918884664131812,0.0861850443599493,0.0608365019011406,0.0538656527249683,0.0272496831432192,0.0335868187579214,0.0525982256020278,0.0171102661596958,0.017743979721166002,0.0196451204055766,0.0133079847908745,0.0044359949302915,0.0114068441064638,0.0095057034220532,0.0126742712294043,0.1951837769328263,0.0665399239543726,0.0652724968314321,0.0323193916349809,0.0564005069708491,0.0405576679340937,0.0316856780735107,0.0221799746514575,0.0348542458808618,0.0145754119138149,0.2756653992395437,0.0703422053231939,0.0703422053231939,0.0608365019011406,0.0399239543726235,0.026615969581749003,0.0342205323193916,0.0323193916349809,0.0221799746514575,0.0196451204055766
2021-05-07,0.5308085362188157,0.3178528347406514,0.3276039876246133,0.0379708383961117,0.2786686838124054,0.3316249623153452,0.2264094060898402,-0.036758059656523,0.2942771084337349,0.3990963855421687,0.0266217870257037,0.4354644149577804,0.0588693957115009,0.3820427839710756,0.0484966052376333,0.3978915662650602,-0.1960907944514502,-0.3832293832293832,0.1109763493026076,-0.8267223382045931,0.3333333333333333,3327.0,6.0,0.6810940787496242,0.7066050415702569,1.0,0.0051097084460474,0.21821460775473397,0.4664863240156296,0.0003005710850616,0.3381424706943192,11.0,0.2536819957920048,0.3168019236549444,0.2013826269912834,0.2278328824767057,0.7339945897204689,0.1042981665163811,0.0649233543733092,0.0616170724376315,0.0351668169522092,0.0363691012924556,0.0829576194770063,0.8806732792305381,0.1944694920348662,0.4075743913435528,1.0,318.0,28.975353171024945,27.56044021765596,194.0,5.975619047619048,12.29980603559896,0.7889990982867449,38.0,21.41,1698.6,187.9593730074389,149.25808525703425,1325.0,119.0,4491.0,1045.1901886792452,643.0367414153018,-17.0,251.0,6.2981132075471695,25.50749616261197,0.5954716981132075,0.68,30.0,290.0,143.0,41.00296577586703,0.1947169811320754,16.08040201,100.0,83.5141900388317,17.25922077527165,0.1728301886792453,0.2113207547169811,0.0943396226415094,0.09056603773584901,0.0966037735849056,0.060377358490566,0.0528301886792452,0.0256603773584905,0.0347169811320754,0.0475471698113207,0.0233962264150943,0.0181132075471698,0.0196226415094339,0.0113207547169811,0.0060377358490566,0.010566037735849002,0.0075471698113207,0.0067924528301886,0.1947169811320754,0.0679245283018867,0.0626415094339622,0.0339622641509433,0.0550943396226415,0.0437735849056603,0.0316981132075471,0.0181132075471698,0.0316981132075471,0.0150943396226415,0.2837735849056604,0.0633962264150943,0.0732075471698113,0.0641509433962264,0.0384905660377358,0.0279245283018867,0.0316981132075471,0.0294339622641509,0.020377358490566003,0.0188679245283018
2021-05-08,0.5583052118485189,0.329811320754717,0.3441529568697198,0.0840623811335108,0.3388931008339651,0.3620624764772299,0.2531120331950207,-0.0165537998495109,0.3630885122410546,0.4256120527306968,0.0705792098197161,0.4926498303807011,0.1120815138282387,0.4073795180722891,0.0615199034981905,0.4425179042593291,-0.1454388984509466,-0.3558229480017189,0.0845808383233533,-0.8059701492537313,0.1111111111111111,2667.0,5.0,0.7746531683539557,0.733295225874167,1.0,0.0067491563554555,0.2388451443569554,0.4431946006749156,0.0,0.3813273340832396,11.0,0.244469441319835,0.3183352080989876,0.1769778777652793,0.2594675665541807,0.7592800899887514,0.0851143607049118,0.067116610423697,0.0584926884139482,0.0299962504686914,0.0288713910761154,0.0704911886014248,0.9006374203224597,0.2302212223472066,0.4041994750656168,1.0,324.0,32.236970378702665,33.939756404347456,220.0,9.052769070010447,17.268393760431376,0.7176602924634421,51.0,1.85,5335.11,192.05801363636363,200.6279631491367,1090.0,119.0,4491.0,1063.9981651376147,652.3736500224745,-17.0,245.0,3.6119266055045873,21.27723437003072,0.7,0.7467889908256881,15.0,295.0,135.99908256880735,45.056489378932675,0.2091743119266055,8.3333333333,100.0,78.39930306243289,19.637431468168515,0.1862385321100917,0.1862385321100917,0.09174311926605498,0.0944954128440367,0.0899082568807339,0.0633027522935779,0.0449541284403669,0.0256880733944954,0.036697247706422007,0.04678899082568799,0.0192660550458715,0.0220183486238532,0.0247706422018348,0.0165137614678899,0.0064220183486238,0.0146788990825688,0.0082568807339449,0.0073394495412844,0.1706422018348624,0.0596330275229357,0.0541284403669724,0.0339449541284403,0.0458715596330275,0.0385321100917431,0.0339449541284403,0.0238532110091743,0.0348623853211009,0.018348623853211003,0.3137614678899083,0.0697247706422018,0.0706422018348623,0.0559633027522935,0.0422018348623853,0.0339449541284403,0.0348623853211009,0.0293577981651376,0.018348623853211003,0.0220183486238532
2021-05-09,0.5155216284987277,0.3259866735007688,0.3379022646007151,0.0505675954592363,0.3266769073220686,0.3355498721227621,0.2240409207161125,-0.0423901940755873,0.3086356668369954,0.4079754601226993,0.017178552837063998,0.4677584442169908,0.0542168674698795,0.3705220061412487,0.0714285714285714,0.4188428059395801,-0.1908482142857142,-0.3958456973293768,0.0940695296523517,-0.8233082706766918,0.0,1965.0,10.0,0.7791348600508906,0.7705582026142691,1.0,0.0040712468193384,0.1821882951653944,0.4890585241730279,0.0005089058524173,0.3867684478371501,3.0,0.2361323155216285,0.3134860050890585,0.1893129770992366,0.26055979643765903,0.7038167938931298,0.1201017811704834,0.0641221374045801,0.0681933842239185,0.043765903307888,0.048854961832061,0.1399491094147582,0.8111959287531807,0.1954198473282442,0.4086513994910941,1.0,319.0,27.13333333333333,29.745911994426688,212.0,7.5007507507507505,14.240053120844907,0.6778625954198473,22.0,13.54,4016.93,216.97657022302585,212.43391481143902,1036.0,119.0,4491.0,1049.695945945946,651.8757989220522,-17.0,213.0,3.8677606177606174,21.07770035776263,0.6611969111969112,0.7258687258687259,4.0,284.0,144.70656370656368,41.036225252368006,0.2249034749034749,2.0942408377,100.0,83.45846066303537,17.06887776803074,0.1814671814671814,0.2046332046332046,0.0984555984555984,0.0897683397683397,0.0888030888030888,0.0685328185328185,0.0492277992277992,0.0318532818532818,0.0366795366795366,0.0386100386100386,0.0193050193050193,0.0202702702702702,0.0164092664092664,0.0106177606177606,0.0057915057915057,0.0125482625482625,0.0077220077220077,0.0077220077220077,0.1747104247104247,0.0752895752895752,0.0675675675675675,0.0328185328185328,0.0405405405405405,0.0289575289575289,0.025096525096525,0.0241312741312741,0.0337837837837837,0.0183397683397683,0.3223938223938224,0.0646718146718146,0.0723938223938223,0.0646718146718146,0.0366795366795366,0.0328185328185328,0.0308880308880308,0.0241312741312741,0.0231660231660231,0.0193050193050193
2021-05-10,0.5105504587155963,0.2821576763485477,0.2974413646055437,0.0050973123262279,0.2694970004614674,0.3026678932842686,0.1948529411764706,-0.0798898071625344,0.2633272058823529,0.3725850965961361,-0.0046554934823091,0.43212149102623104,-0.0049352251696483,0.3406998158379374,0.0015408320493066,0.3785648574057038,-0.2068965517241379,-0.4356869184455391,0.10775047258979199,-0.842809364548495,0.75,2180.0,5.0,0.7357798165137615,0.7123796080542399,1.0,0.0096330275229357,0.2022935779816513,0.5302752293577981,0.0009174311926605,0.4096330275229358,2.0,0.1954128440366972,0.336697247706422,0.2077981651376146,0.26009174311926603,0.6577981651376147,0.1091743119266055,0.0788990825688073,0.096788990825688,0.0573394495412844,0.1133027522935779,0.2481651376146789,0.6385321100917432,0.1518348623853211,0.4142201834862385,1.0,316.0,24.269266055045872,26.4092212470819,191.0,6.866037735849058,13.695889376048806,0.7293577981651376,22.0,22.33,2711.28,213.70382658359298,168.60594305450118,1060.0,119.0,4491.0,1050.2349056603773,660.2926229921095,-18.0,222.0,3.15188679245283,19.756270952568176,0.6811320754716981,0.7367924528301887,21.0,293.0,141.20849056603774,40.89345565463532,0.1962264150943396,11.666666667000001,100.0,82.31498158944706,17.503285080713702,0.1688679245283018,0.2009433962264151,0.0971698113207547,0.0962264150943396,0.0952830188679245,0.0622641509433962,0.0547169811320754,0.0254716981132075,0.0358490566037735,0.0433962264150943,0.0226415094339622,0.020754716981132,0.020754716981132,0.0122641509433962,0.0066037735849056,0.010377358490566,0.0094339622641509,0.0066037735849056,0.1764150943396226,0.0650943396226415,0.0613207547169811,0.0396226415094339,0.0528301886792452,0.0367924528301886,0.030188679245283,0.0245283018867924,0.0264150943396226,0.0160377358490566,0.3075471698113207,0.0660377358490566,0.070754716981132,0.0547169811320754,0.0443396226415094,0.0273584905660377,0.0358490566037735,0.0264150943396226,0.0198113207547169,0.0188679245283018
2021-05-11,0.5893805309734513,0.3615212527964205,0.3429179978700745,0.0864695340501792,0.36091234347048295,0.4016028495102404,0.2768613464110566,-0.0240427426536064,0.3633125556544969,0.4917741218319253,0.0669986419194205,0.5525846702317291,0.0240751614797416,0.3840676457498887,0.1307692307692307,0.4425133689839572,-0.1795407098121085,-0.4511122607346094,0.1079393398751115,-0.7604562737642585,0.7777777777777778,2260.0,6.0,0.7371681415929203,0.7281957777927087,1.0,0.0119469026548672,0.2544247787610619,0.4539823008849557,0.0,0.4119469026548673,8.0,0.2168141592920354,0.318141592920354,0.1964601769911504,0.2676991150442478,0.7358407079646018,0.1022123893805309,0.065929203539823,0.0606194690265486,0.0353982300884955,0.0513274336283185,0.1508849557522124,0.7977876106194691,0.1960176991150442,0.4163716814159292,1.0,321.0,30.03584070796461,30.70557391655825,239.0,10.582929782082324,24.044170420400075,0.7309734513274336,21.0,21.19,2280.42,198.89635518843568,163.51982925959973,995.0,119.0,4491.0,1057.7326633165828,637.9000467994041,-17.0,236.0,2.1819095477386936,21.72764639992884,0.7658291457286432,0.7668341708542713,22.0,292.0,129.14673366834168,45.45352256056072,0.2201005025125628,11.518324607,100.0,74.31804690613171,20.236745981374675,0.1758793969849246,0.1939698492462311,0.0994974874371859,0.0914572864321608,0.0864321608040201,0.0713567839195979,0.0522613065326633,0.0281407035175879,0.0301507537688442,0.0452261306532663,0.0231155778894472,0.0170854271356783,0.022110552763819,0.0130653266331658,0.0080402010050251,0.0080402010050251,0.0090452261306532,0.0090452261306532,0.1618090452261306,0.0633165829145728,0.0633165829145728,0.0402010050251256,0.0542713567839195,0.036180904522613,0.0311557788944723,0.0190954773869346,0.0281407035175879,0.0180904522613065,0.3075376884422111,0.0793969849246231,0.0723618090452261,0.0623115577889447,0.0391959798994974,0.0281407035175879,0.0311557788944723,0.0321608040201005,0.0251256281407035,0.0201005025125628
2021-05-12,0.5668307459295722,0.3411854103343465,0.3567993003935286,0.0724415484860099,0.3598629093678598,0.3675018982536067,0.2544693799923925,-0.0637329286798179,0.3297831875237733,0.4610710216483099,0.0411855273287143,0.5423471325484238,0.03584229390681,0.3923281428028864,0.1152849740932642,0.4468166221883339,-0.2236076475477971,-0.4059714795008912,0.1007518796992481,-0.8740740740740741,0.5,2641.0,8.0,0.7489587277546383,0.7288844830176009,1.0,0.0087088224157516,0.2400605831124574,0.4608102991291177,0.0,0.3854600530102234,5.0,0.2385460053010223,0.3256342294585384,0.1980310488451344,0.2377887163953048,0.7406285497917455,0.104884513441878,0.0636122680802726,0.0632336236274138,0.0276410450586898,0.0473305566073457,0.1298750473305566,0.8227943960620977,0.1809920484664899,0.4218099204846649,1.0,319.0,31.269594850435446,30.817977636945052,209.0,7.7796867104598295,14.377862284268815,0.7493373722074972,28.0,13.52,2850.08,202.59527618205917,173.45605809773738,1109.0,119.0,4491.0,1087.6618575293055,651.1713204872176,-19.0,540.0,1.6844003606853015,24.730634405374122,0.7565374211000901,0.7484220018034266,27.0,298.0,136.95040577096486,45.16134605148267,0.2019837691614066,16.230366492,100.0,79.13769902248694,19.42754320582237,0.1830477908025247,0.1974752028854824,0.0946798917944093,0.0919747520288548,0.084761045987376,0.0613165013525698,0.0550045085662759,0.0306582506762849,0.0333633904418394,0.0477908025247971,0.0207394048692515,0.0171325518485121,0.0198376916140667,0.0135256988277727,0.0054102795311091,0.0108205590622182,0.0126239855725879,0.0099188458070333,0.1641118124436429,0.0712353471596032,0.0685302073940486,0.036068530207394,0.0586113615870153,0.0450856627592425,0.0324616771866546,0.0252479711451758,0.0369702434625789,0.0153291253381424,0.2876465284039675,0.0721370604147881,0.0667267808836789,0.0631199278629395,0.042380522993688,0.0252479711451758,0.0342651036970243,0.0234445446348061,0.0216411181244364,0.0216411181244364
2021-05-13,0.5723122238586156,0.3294849023090586,0.3539731682146543,0.0619416319237641,0.3329383886255924,0.3563829787234042,0.246381093057607,-0.0351032448377581,0.3353010625737898,0.4329196217494089,0.0110977804439112,0.5485680543253617,0.0579365079365079,0.4030159668835009,0.1033464566929133,0.449614700652045,-0.2018229166666666,-0.4127847670860252,0.114821323960164,-0.7925,0.2222222222222222,3395.0,5.0,0.7257731958762886,0.6971815566767319,1.0,0.0047128129602356,0.2318114874815905,0.4589101620029455,0.0005891016200294,0.3693667157584683,4.0,0.2265095729013254,0.3213549337260677,0.2114874815905743,0.2403534609720176,0.7290132547864506,0.0995581737849779,0.0692194403534609,0.0689248895434462,0.0332842415316642,0.0459499263622975,0.1104565537555228,0.8435935198821797,0.1893961708394698,0.4132547864506627,1.0,300.0,32.271521226415096,28.854187207737986,204.0,6.528709917971662,13.332606911746636,0.7899852724594992,33.0,5.6,2909.72,213.39737923946555,184.52146211010222,1325.0,119.0,4491.0,1058.04,647.6746080753974,-19.0,248.0,1.3350943396226416,14.037315884656339,0.7041509433962264,0.7856603773584906,38.0,295.0,146.87169811320754,41.100019742933476,0.1826415094339622,19.895287958,100.0,85.37739216269644,16.14241672027549,0.1766037735849056,0.1962264150943396,0.0928301886792452,0.0943396226415094,0.0875471698113207,0.060377358490566,0.0543396226415094,0.0256603773584905,0.0384905660377358,0.0467924528301886,0.0218867924528301,0.0158490566037735,0.020377358490566003,0.0150943396226415,0.0067924528301886,0.0143396226415094,0.0090566037735849,0.0128301886792452,0.170566037735849,0.0626415094339622,0.0664150943396226,0.0339622641509433,0.0581132075471698,0.0384905660377358,0.0347169811320754,0.0249056603773584,0.030943396226415,0.0150943396226415,0.3003773584905661,0.0671698113207547,0.0709433962264151,0.0528301886792452,0.0430188679245283,0.0294339622641509,0.0324528301886792,0.0286792452830188,0.020377358490566003,0.0196226415094339
2021-05-14,0.5662739322533137,0.3092324805339266,0.3627408993576017,0.0803571428571428,0.3126624582250278,0.3362864525655223,0.2180339985218034,-0.0550018456995201,0.328777244181751,0.4174362763206501,0.0161411411411411,0.5283648498331479,0.05291790306627099,0.39320029563932,0.0874524714828897,0.4137675795706884,-0.1991967871485943,-0.3950357593605385,0.1172465960665658,-0.7747747747747747,0.5,2716.0,5.0,0.6649484536082474,0.6949179086310101,1.0,0.0003681885125184,0.2238586156111929,0.4716494845360824,0.0,0.3284241531664212,0.0,0.2536818851251841,0.3339469808541973,0.2010309278350515,0.21134020618556693,0.7525773195876289,0.0968335787923416,0.0633284241531664,0.0574374079528718,0.0298232695139911,0.0346097201767304,0.0887334315169366,0.8766568483063328,0.1822533136966126,0.40022091310751096,1.0,319.0,30.779086892488948,28.96218053495006,196.0,5.789425706472198,11.040379285723645,0.8078055964653903,23.0,23.26,3253.0,198.35529283216786,163.01861115754792,1145.0,119.0,4491.0,1056.9091703056768,647.6686111389403,-13.0,375.0,1.490829694323144,16.64206045901453,0.7109170305676856,0.8279475982532751,27.0,304.0,149.78689956331874,39.806700813143756,0.1790393013100436,13.567839196,100.0,86.7054528858872,14.606679024104752,0.17117903930130998,0.2008733624454148,0.0917030567685589,0.0943231441048035,0.0890829694323144,0.0672489082969432,0.0480349344978165,0.0244541484716157,0.0401746724890829,0.0436681222707423,0.0235807860262008,0.0192139737991266,0.0209606986899563,0.0139737991266375,0.0043668122270742,0.0104803493449781,0.0087336244541484,0.0131004366812227,0.17117903930130998,0.0655021834061135,0.0689956331877729,0.0375545851528384,0.0524017467248908,0.0323144104803493,0.0305676855895196,0.0192139737991266,0.0358078602620087,0.0122270742358078,0.3039301310043668,0.0698689956331877,0.0672489082969432,0.06288209606986901,0.0419213973799126,0.0270742358078602,0.0305676855895196,0.0288209606986899,0.0209606986899563,0.0200873362445414
2021-05-15,0.5718390804597702,0.3086107091172214,0.3173322005097706,0.0527656477438136,0.3489884393063583,0.3136265320836337,0.2363767592926741,-0.0122478386167146,0.3463063063063063,0.38143216984526795,0.0249266862170087,0.5559163059163059,0.0439716312056737,0.3797696184305255,0.0949589683470105,0.4151011560693641,-0.1805084745762712,-0.3685058397100282,0.0739644970414201,-0.8392370572207084,0.25,2784.0,4.0,0.8142959770114943,0.7245480135728142,1.0,0.0104166666666666,0.2291666666666666,0.4324712643678161,0.0003591954022988,0.3832614942528735,12.0,0.2467672413793103,0.3132183908045977,0.1954022988505747,0.2446120689655172,0.7704741379310345,0.0854885057471264,0.0510057471264367,0.0617816091954023,0.03125,0.0305316091954023,0.0793821839080459,0.8900862068965517,0.2083333333333333,0.4234913793103448,1.0,324.0,35.012571839080465,35.45654479001225,237.0,9.080299251870324,17.557605101960565,0.7201867816091954,45.0,9.56,3262.0,202.79115500214687,189.6806228573176,1140.0,119.0,4491.0,1041.0447368421053,612.1460420113407,-19.0,326.0,3.7605263157894737,23.70708772714141,0.6912280701754386,0.787719298245614,23.0,297.0,146.00175438596492,42.18263727144186,0.2096491228070175,13.247863248,100.0,84.59138693948148,16.528207885109275,0.1684210526315789,0.1947368421052631,0.1026315789473684,0.0859649122807017,0.08157894736842099,0.0710526315789473,0.0561403508771929,0.0263157894736842,0.0403508771929824,0.0543859649122807,0.0228070175438596,0.0175438596491228,0.0210526315789473,0.0131578947368421,0.0026315789473684,0.0096491228070175,0.0070175438596491,0.0070175438596491,0.1719298245614035,0.0666666666666666,0.0640350877192982,0.0403508771929824,0.0473684210526315,0.0359649122807017,0.0307017543859649,0.025438596491227997,0.0307017543859649,0.0157894736842105,0.3043859649122807,0.0622807017543859,0.075438596491228,0.0614035087719298,0.0412280701754386,0.0307017543859649,0.0350877192982456,0.0289473684210526,0.0236842105263157,0.0210526315789473
2021-05-16,0.5718390804597702,0.3086107091172214,0.3173322005097706,0.0527656477438136,0.3489884393063583,0.3136265320836337,0.2363767592926741,-0.0122478386167146,0.3463063063063063,0.38143216984526795,0.0249266862170087,0.5559163059163059,0.0439716312056737,0.3797696184305255,0.0949589683470105,0.4151011560693641,-0.1805084745762712,-0.3685058397100282,0.0739644970414201,-0.8392370572207084,0.25,2784.0,4.0,0.8142959770114943,0.7245480135728142,1.0,0.0104166666666666,0.2291666666666666,0.4324712643678161,0.0003591954022988,0.3832614942528735,12.0,0.2467672413793103,0.3132183908045977,0.1954022988505747,0.2446120689655172,0.7704741379310345,0.0854885057471264,0.0510057471264367,0.0617816091954023,0.03125,0.0305316091954023,0.0793821839080459,0.8900862068965517,0.2083333333333333,0.4234913793103448,1.0,324.0,35.012571839080465,35.45654479001225,237.0,9.080299251870324,17.557605101960565,0.7201867816091954,45.0,9.56,3262.0,202.79115500214687,189.6806228573176,1140.0,119.0,4491.0,1041.0447368421053,612.1460420113407,-19.0,326.0,3.7605263157894737,23.70708772714141,0.6912280701754386,0.787719298245614,23.0,297.0,146.00175438596492,42.18263727144186,0.2096491228070175,13.247863248,100.0,84.59138693948148,16.528207885109275,0.1684210526315789,0.1947368421052631,0.1026315789473684,0.0859649122807017,0.08157894736842099,0.0710526315789473,0.0561403508771929,0.0263157894736842,0.0403508771929824,0.0543859649122807,0.0228070175438596,0.0175438596491228,0.0210526315789473,0.0131578947368421,0.0026315789473684,0.0096491228070175,0.0070175438596491,0.0070175438596491,0.1719298245614035,0.0666666666666666,0.0640350877192982,0.0403508771929824,0.0473684210526315,0.0359649122807017,0.0307017543859649,0.025438596491227997,0.0307017543859649,0.0157894736842105,0.3043859649122807,0.0622807017543859,0.075438596491228,0.0614035087719298,0.0412280701754386,0.0307017543859649,0.0350877192982456,0.0289473684210526,0.0236842105263157,0.0210526315789473
2021-05-17,0.5207100591715976,0.3006386861313868,0.3373748023194517,0.0270890725436179,0.3175985334555454,0.3202733485193622,0.20722781335773105,-0.06703146374829,0.3041495668034655,0.4117915904936015,-0.0212864414622859,0.5198539479689639,0.0183710961420698,0.3586112380082229,0.0922401171303074,0.4105022831050228,-0.1939451277199621,-0.4298476090383605,0.1316758747697974,-0.7922535211267606,0.0,2197.0,5.0,0.7382794720072826,0.7381457521167665,1.0,0.0109239872553482,0.2057350933090578,0.5084205735093309,0.0004551661356395,0.4087391898042785,8.0,0.1761492944924897,0.3577605826126536,0.2207555757851615,0.245334547109695,0.6417842512517069,0.1183431952662721,0.0837505689576695,0.1005917159763313,0.055530268548019984,0.1178880291306326,0.2639963586709148,0.6181156121984525,0.1338188438780155,0.4187528447883477,1.0,296.0,25.215748748293127,26.51333766745251,158.0,6.5547858942065504,11.027439957996766,0.7228038233955394,28.0,18.68,1803.0,231.04148413510742,184.89084050310245,1102.0,119.0,4491.0,1059.813067150635,646.6554922102351,-16.0,457.0,2.014519056261343,21.718866087741297,0.7495462794918331,0.8157894736842105,33.0,293.0,149.4600725952813,40.85549447598889,0.1950998185117967,18.333333333,100.0,86.47283758062595,15.849818969889714,0.1715063520871143,0.2123411978221415,0.0852994555353902,0.0852994555353902,0.0925589836660617,0.0662431941923775,0.0462794918330308,0.0272232304900181,0.0399274047186932,0.0444646098003629,0.0199637023593466,0.0181488203266787,0.0245009074410163,0.0127041742286751,0.0045372050816696,0.0099818511796733,0.0108892921960072,0.0127041742286751,0.176043557168784,0.0680580762250453,0.0589836660617059,0.0372050816696914,0.0553539019963702,0.0317604355716878,0.028130671506352,0.0226860254083484,0.0245009074410163,0.0154264972776769,0.3030852994555354,0.0707803992740471,0.0744101633393829,0.058076225045372014,0.0399274047186932,0.028130671506352,0.0353901996370235,0.029038112522686007,0.0181488203266787,0.0208711433756805
2021-05-18,0.5528169014084507,0.3105892778023925,0.3069306930693069,0.067766384306732,0.3530195381882771,0.3395307658255865,0.2242370632463511,-0.0570039770216526,0.3254988913525499,0.4123893805309734,0.0258152173913043,0.5787610619469027,0.0342342342342342,0.3508849557522124,0.0808823529411764,0.4203284509542832,-0.1788461538461538,-0.4440488301119023,0.0912343470483005,-0.7586206896551724,0.3636363636363636,2272.0,4.0,0.7222711267605634,0.7046905442062883,1.0,0.0154049295774647,0.2548415492957746,0.4683098591549295,0.0,0.4269366197183099,11.0,0.2134683098591549,0.3287852112676056,0.1919014084507042,0.2658450704225352,0.7359154929577465,0.0977112676056338,0.0550176056338028,0.0730633802816901,0.0382922535211267,0.0647007042253521,0.1751760563380281,0.7601232394366197,0.1835387323943662,0.4212147887323944,1.0,327.0,28.414172535211268,26.56457170971917,202.0,8.018879415347138,12.967084724452992,0.7227112676056338,21.0,21.74,2425.4,202.40009773662555,162.7539716142521,1042.0,119.0,4491.0,1041.3128598848368,626.2166578757192,-15.0,197.0,-0.6391554702495201,13.18501763973959,0.8061420345489443,0.8685220729366603,18.0,292.0,136.32917466410748,44.41263691845099,0.1775431861804222,9.424083769600001,100.0,79.08358601145544,18.9176790086835,0.1794625719769673,0.190978886756238,0.0969289827255278,0.09213051823416499,0.0940499040307101,0.06429942418426099,0.0489443378119001,0.0297504798464491,0.0393474088291746,0.0489443378119001,0.0201535508637236,0.0124760076775431,0.0220729366602687,0.0115163147792706,0.0057581573896353,0.010556621880998,0.0067178502879078,0.0095969289827255,0.1612284069097888,0.0681381957773512,0.0585412667946257,0.0335892514395393,0.047024952015355004,0.0326295585412667,0.0316698656429942,0.0230326295585412,0.0307101727447216,0.0153550863723608,0.3023032629558541,0.0758157389635316,0.0806142034548944,0.06429942418426099,0.0383877159309021,0.027831094049904,0.0335892514395393,0.0307101727447216,0.0163147792706333,0.0230326295585412
2021-05-19,0.5748311411304657,0.33881932021466904,0.3454467721248396,0.0537827178200071,0.3399928647877274,0.3532356095816947,0.2436765229782686,-0.0673076923076923,0.3313102463405926,0.4483744194355127,0.0300180831826401,0.5733618233618234,0.0388675623800383,0.3630185979971387,0.0334158415841584,0.4322094691535151,-0.1767005473025801,-0.4293366295838484,0.0923520923520923,-0.8092485549132948,0.875,2813.0,6.0,0.7639530750088873,0.7064186622598614,1.0,0.0042659082829719,0.2499111269107714,0.441166014930679,0.0003554923569143,0.40419480981158895,8.0,0.2047635975826519,0.3291859225026662,0.2271596160682545,0.2381798791325986,0.7380021329541415,0.1009598293636686,0.0618556701030927,0.064344116601493,0.0348382509776039,0.0519018841094916,0.1393530039104159,0.8087451119800925,0.1731247778172769,0.4191254888019907,1.0,329.0,31.56381087806612,30.172782403845744,210.0,7.964219330855019,15.765781094022515,0.7650195520796302,31.0,17.9,2228.5,214.53228179551118,186.62658607165844,1145.0,119.0,4491.0,1066.4436681222708,650.9468538083865,-17.0,371.0,0.9598253275109172,22.286087885857764,0.8,0.8663755458515284,32.0,295.0,141.69170305676857,42.36362499903194,0.1851528384279476,18.333333333,100.0,81.93950964562187,17.076546031060847,0.1912663755458515,0.1895196506550218,0.0934497816593886,0.0873362445414847,0.0847161572052401,0.0541484716157205,0.0532751091703056,0.0253275109170305,0.0427947598253275,0.0506550218340611,0.022707423580786,0.0183406113537117,0.0209606986899563,0.0148471615720524,0.0069868995633187,0.0104803493449781,0.0122270742358078,0.0104803493449781,0.1624454148471615,0.0663755458515283,0.0655021834061135,0.0358078602620087,0.0515283842794759,0.0375545851528384,0.0262008733624454,0.022707423580786,0.0358078602620087,0.0139737991266375,0.3056768558951965,0.07423580786026203,0.0716157205240174,0.0576419213973799,0.0366812227074235,0.0305676855895196,0.0305676855895196,0.0323144104803493,0.0253275109170305,0.0183406113537117
2021-05-20,0.528928046989721,0.3113737075332348,0.3243523316062176,0.0335013341239252,0.2605737947352854,0.3158360365673842,0.2112094395280236,-0.0848806366047745,0.2764515178308281,0.3844117647058823,-0.0186130291203842,0.4397288535219569,0.0258418167580266,0.3479929161747344,-0.0336048879837067,0.38013597398758503,-0.2222222222222222,-0.4555366269165247,0.0589636688505062,-0.768,0.8333333333333334,3405.0,9.0,0.7368575624082232,0.7203244584735792,1.0,0.0129221732745961,0.24287812041116,0.4505139500734214,0.0005873715124816,0.3524229074889868,7.0,0.2129221732745961,0.3412628487518355,0.2176211453744493,0.2281938325991189,0.733920704845815,0.0969162995594713,0.0654919236417033,0.0669603524229074,0.0367107195301027,0.0405286343612334,0.0998531571218795,0.8596182085168871,0.1885462555066079,0.4305433186490455,1.0,310.0,33.252276064610875,28.30543236602963,198.0,6.461952620244078,13.171026182199654,0.8182085168869309,36.0,16.05,6616.0,212.87172546280132,213.0591674998332,1316.0,119.0,4491.0,1068.483282674772,643.0800792385612,-20.0,261.0,5.971884498480242,24.629697980398802,0.6588145896656535,0.7454407294832827,38.0,304.0,151.24468085106383,39.1122515669414,0.1899696048632219,20.942408377,100.0,87.59168676708336,13.897773191267186,0.1770516717325228,0.2120060790273556,0.0965045592705167,0.0987841945288753,0.0896656534954407,0.0592705167173252,0.040273556231002997,0.0243161094224924,0.0364741641337386,0.0448328267477203,0.0159574468085106,0.0182370820668693,0.0235562310030395,0.0121580547112462,0.0068389057750759,0.012917933130699,0.0098784194528875,0.0098784194528875,0.1732522796352583,0.0653495440729483,0.06762917933130701,0.0357142857142857,0.0524316109422492,0.0455927051671732,0.0258358662613981,0.0220364741641337,0.033434650455927,0.0144376899696048,0.2955927051671732,0.0683890577507598,0.0737082066869301,0.0585106382978723,0.0395136778115501,0.0303951367781155,0.0364741641337386,0.0296352583586626,0.0205167173252279,0.0174772036474164
2021-05-21,0.5443225615179366,0.3147540983606557,0.3434692467173462,0.0480913736098587,0.3104682373993438,0.3286734086853063,0.2177275431290898,-0.0644490644490644,0.3005952380952381,0.4299315679857185,-0.0108335841107433,0.5041691483025611,0.0257711831315892,0.3788690476190476,0.0956340956340956,0.4097677188802859,-0.1962066710268149,-0.4334140435835351,0.0980392156862745,-0.8428927680798005,0.5,3373.0,5.0,0.6643937147939519,0.6854040216820627,1.0,0.006818855618144,0.2262081233323451,0.4654610139341832,0.0002964719833975,0.3471686925585532,9.0,0.2439964423361992,0.3284909576045063,0.2024903646605395,0.2247257634153572,0.7242810554402609,0.1025793062555588,0.0717462199822116,0.0652238363474651,0.0361695819745034,0.0415060776756596,0.0877557070856804,0.8707382152386599,0.187073821523866,0.4126890008894159,1.0,325.0,31.80788615475837,29.37512277669646,197.0,6.0731797919762265,12.386633203519676,0.7981025793062556,34.0,22.14,6750.0,209.39398674572723,216.8035864703262,1318.0,119.0,4491.0,1057.4886191198786,649.8069027643891,-16.0,321.0,3.9241274658573597,23.127726505058302,0.6949924127465857,0.7784522003034902,38.0,297.0,153.77162367223062,38.19575780097034,0.1813353566009104,28.272251309,100.0,89.33216205618946,12.411747998935551,0.1745068285280728,0.2094081942336874,0.0880121396054628,0.0880121396054628,0.0971168437025796,0.0606980273141122,0.050834597875568995,0.0257966616084977,0.043247344461305,0.0462822458270106,0.0227617602427921,0.01896813353566,0.0227617602427921,0.011380880121396002,0.0060698027314112,0.0091047040971168,0.007587253414264,0.0083459787556904,0.1828528072837632,0.0637329286798179,0.0644916540212443,0.0371775417298937,0.0538694992412746,0.0402124430955993,0.0303490136570561,0.0197268588770864,0.0341426403641881,0.0136570561456752,0.2974203338391502,0.0652503793626707,0.0766312594840667,0.0652503793626707,0.0417298937784522,0.0295902883156297,0.0288315629742033,0.0273141122913505,0.01896813353566,0.0197268588770864
2021-05-22,0.5714818962299365,0.3428464138190011,0.345478489903424,0.0853062758361518,0.3762227238525207,0.3287210172026926,0.2548725637181409,-0.0022463496817671,0.3463122426057656,0.4112359550561797,0.0403502093642938,0.5662921348314607,0.0599232981783317,0.406671664167916,0.1228501228501228,0.4284107946026986,-0.1749369217830109,-0.4060246075519728,0.1201492537313432,-0.7703488372093024,0.2222222222222222,2679.0,5.0,0.7883538633818589,0.7279229252570832,1.0,0.0156774916013437,0.2288167226577081,0.4621127286300858,0.0007465472191116,0.4091078760731616,21.0,0.2426278462112728,0.3154162000746547,0.1814109742441209,0.2605449794699515,0.75177304964539,0.0899589399029488,0.0642030608435983,0.0597237775289287,0.034341172079133994,0.0287420679357969,0.0783874580067189,0.8928704740574841,0.2206047032474804,0.3997760358342665,1.0,322.0,34.39902948861516,33.00552399890625,202.0,8.6015873015873,13.882418495008855,0.7054871220604704,51.0,22.14,4265.0,208.46570733863842,221.06718081889443,1169.0,119.0,4491.0,1058.3781009409752,641.1374903831593,-15.0,238.0,1.9230111206159108,16.20251415361187,0.7202737382378099,0.8143712574850299,16.0,304.0,147.96150556030796,42.30348672996315,0.2010265183917878,8.3769633508,100.0,85.7307049671245,16.22295702470575,0.1702309666381522,0.1933276304533789,0.1009409751924722,0.0889649272882805,0.0863986313088109,0.0761334473909324,0.0547476475620188,0.0230966638152266,0.0419161676646706,0.0453378956372968,0.0179640718562874,0.0171086398631308,0.0239520958083832,0.0136869118905047,0.0076988879384088,0.0085543199315654,0.0059880239520958,0.0102651839178785,0.1659538066723695,0.0607356715141146,0.0624465355004277,0.0376390076988879,0.0453378956372968,0.0376390076988879,0.0316509837467921,0.0230966638152266,0.0350727117194183,0.0162532078699743,0.2985457656116339,0.0710008554319931,0.0675791274593669,0.0641573994867408,0.0444824636441402,0.0248075278015397,0.0316509837467921,0.0316509837467921,0.0222412318220701,0.0222412318220701
2021-05-23,0.5130434782608696,0.3307355090112031,0.2954802259887005,0.0219619326500732,0.3142717497556207,0.312135922330097,0.2161900145419292,-0.0607090820786789,0.2922330097087379,0.3587378640776699,-0.0671604938271605,0.4934434191355026,0.0389776357827476,0.3501454898157129,0.0343053173241852,0.3745136186770428,-0.2178828365878725,-0.4400452488687782,0.0987292277614858,-0.8083623693379791,0.4,2070.0,5.0,0.7714975845410628,0.7147274717423285,1.0,0.0106280193236714,0.1753623188405797,0.47874396135265707,0.0,0.3787439613526571,7.0,0.1840579710144927,0.3608695652173913,0.2,0.2550724637681159,0.7212560386473431,0.1019323671497584,0.0632850241545893,0.078743961352657,0.0347826086956521,0.0642512077294686,0.1637681159420289,0.7719806763285024,0.185024154589372,0.3975845410628019,1.0,298.0,30.480193236714967,28.85882277516601,215.0,7.004778156996587,12.215700463311903,0.7077294685990339,25.0,22.33,4305.79,238.16443380281692,201.46476428909284,1071.0,119.0,4491.0,1069.7273576097105,641.1064154077935,-18.0,305.0,3.88515406162465,23.869639613533806,0.7152194211017739,0.7852474323062558,35.0,296.0,156.71615312791783,38.5322744992421,0.1764705882352941,18.090452261,100.0,90.27979252226406,12.654972594169154,0.1736694677871148,0.2203548085901027,0.0859010270774976,0.1027077497665732,0.0812324929971988,0.065359477124183,0.0541549953314659,0.0242763772175536,0.0392156862745098,0.04201680672268899,0.0214752567693744,0.0121381886087768,0.0186741363211951,0.0102707749766573,0.0121381886087768,0.011204481792716998,0.0084033613445378,0.0056022408963585,0.1549953314659197,0.069094304388422,0.065359477124183,0.0401493930905695,0.0457516339869281,0.0410830999066293,0.0252100840336134,0.0186741363211951,0.0308123249299719,0.0177404295051353,0.3081232492997199,0.0672268907563025,0.0756302521008403,0.0597572362278244,0.0429505135387488,0.0308123249299719,0.0401493930905695,0.0308123249299719,0.0224089635854341,0.0196078431372549
2021-05-24,0.5326357747882412,0.320962888665998,0.3358556461001164,0.0276938569989929,0.31312625250500997,0.3281718281718281,0.2261130565282641,-0.0558882235528942,0.3131868131868132,0.4133799301048427,0.0040465351542741,0.5,0.0152722443559096,0.3563563563563564,0.0543293718166383,0.4098196392785571,-0.2239915074309978,-0.4441193680514921,0.111003861003861,-0.8181818181818182,0.5,2007.0,5.0,0.7000498256103638,0.7409910891004967,1.0,0.0064773293472845,0.1883408071748878,0.5201793721973094,0.0009965122072745,0.3731938216243149,7.0,0.1828599900348779,0.3731938216243149,0.2067762830094668,0.2366716492277029,0.6596910812157449,0.1175884404583956,0.0857000498256103,0.0896860986547085,0.0473343298455406,0.1126058794220229,0.2411559541604384,0.6462381664175386,0.1310413552566019,0.3901345291479821,1.0,286.0,25.39162929745889,25.442427916204966,189.0,6.648705388383485,11.155246787311892,0.7120079720976582,29.0,22.33,3285.0,227.77161163961944,187.19764229116788,1042.0,119.0,4491.0,1065.8857965451057,657.2930876582914,-15.0,370.0,4.025911708253359,26.81179827586481,0.7236084452975048,0.8234165067178503,23.0,296.0,151.66506717850288,40.272631282285744,0.1938579654510556,11.557788945,100.0,87.15109987146064,14.726580909357242,0.1938579654510556,0.1890595009596929,0.0854126679462572,0.0978886756238003,0.0882917466410748,0.0575815738963531,0.0460652591170825,0.0259117082533589,0.0441458733205374,0.036468330134357005,0.0287907869481765,0.0163147792706333,0.0268714011516314,0.0115163147792706,0.0067178502879078,0.010556621880998,0.0086372360844529,0.0134357005758157,0.1765834932821497,0.0595009596928982,0.0614203454894433,0.0431861804222648,0.0441458733205374,0.047024952015355004,0.0239923224568138,0.0201535508637236,0.0239923224568138,0.0172744721689059,0.3032629558541266,0.0652591170825335,0.0806142034548944,0.0671785028790787,0.0451055662188099,0.027831094049904,0.0268714011516314,0.0259117082533589,0.0220729366602687,0.0182341650671785
2021-05-25,0.5565455791638109,0.3115491009681881,0.3174471612101119,0.0269709543568464,0.2933471216821786,0.3392857142857143,0.2290233837689133,-0.0628434065934065,0.3041537933401991,0.4215955983493809,-0.0045566070802663,0.5240549828178694,-0.0071877807726864,0.3732370141038871,0.0405561993047508,0.421433494141971,-0.2210909090909091,-0.4609929078014184,0.067109634551495,-0.8091603053435115,-0.1428571428571428,2918.0,6.0,0.7508567511994517,0.7069547400636466,1.0,0.028101439342015,0.253598355037697,0.4866346812885538,0.0010281014393419999,0.4167237834132968,2.0,0.20870459218642892,0.3450993831391364,0.2018505825908156,0.2443454420836189,0.7285812200137081,0.0932145305003427,0.0716244002741603,0.0681973954763536,0.0383824537354352,0.0562028786840301,0.1562714187799863,0.7875257025359835,0.1751199451679232,0.4180945853324194,1.0,323.0,30.67912238601303,31.00729846024826,286.0,9.587020648967552,16.9027643266278,0.6970527758738863,31.0,15.81,1454.03,212.30054343514482,164.22778982515518,1260.0,119.0,4491.0,1077.1555555555556,640.7311832389856,-16.0,295.0,2.1992063492063494,19.45890354285232,0.7444444444444445,0.8404761904761905,25.0,303.0,144.03650793650797,42.67650188398702,0.2222222222222222,12.56281407,100.0,83.56194292660159,16.826781488933882,0.1706349206349206,0.1880952380952381,0.1023809523809523,0.0936507936507936,0.0793650793650793,0.0658730158730158,0.0515873015873015,0.0261904761904761,0.0333333333333333,0.0595238095238095,0.023015873015873,0.019047619047619,0.0238095238095238,0.0111111111111111,0.0079365079365079,0.0103174603174603,0.0071428571428571,0.0119047619047619,0.1626984126984127,0.0626984126984127,0.0642857142857142,0.0388888888888888,0.0547619047619047,0.0444444444444444,0.0309523809523809,0.0261904761904761,0.0341269841269841,0.0158730158730158,0.2865079365079365,0.0777777777777777,0.073015873015873,0.0658730158730158,0.042063492063492004,0.0261904761904761,0.0396825396825396,0.0317460317460317,0.0206349206349206,0.0166666666666666
2021-05-26,0.5311671087533156,0.2825216811207471,0.309026409144659,0.0288687479019805,0.2807076101468624,0.3121252498334443,0.1960066555740432,-0.0772818121252498,0.287046287046287,0.3755821689953426,-0.0219668807029401,0.47200000000000003,0.0178649237472766,0.3347768154563624,0.0303358613217768,0.3787120453787121,-0.2454873646209386,-0.4644621816799696,0.0507343124165554,-0.8686868686868687,0.3333333333333333,3016.0,6.0,0.7791777188328912,0.7204504673245951,1.0,0.006631299734748,0.2612732095490716,0.4307029177718833,0.0,0.3643899204244031,6.0,0.2161803713527851,0.3438328912466843,0.2025862068965517,0.2370689655172413,0.7490053050397878,0.0901856763925729,0.0656498673740053,0.0666445623342175,0.0285145888594164,0.044761273209549,0.0951591511936339,0.860079575596817,0.1906498673740053,0.4144562334217506,1.0,330.0,35.769562334217504,32.892048396265174,301.0,8.403775322283611,15.71031061218257,0.7201591511936339,18.0,4.21,2875.0,217.14909453530117,188.17332066643328,1202.0,119.0,4491.0,1078.2396006655574,640.3122657457476,-14.0,234.0,3.9217970049916806,24.32722814203248,0.7088186356073212,0.7836938435940101,40.0,304.0,154.65806988352742,39.22851418714026,0.1863560732113144,20.100502513,100.0,89.55791347382267,12.732253378070302,0.1747088186356073,0.2013311148086522,0.1006655574043261,0.0915141430948419,0.08153078202995,0.0665557404326123,0.0515806988352745,0.0291181364392678,0.0341098169717138,0.0532445923460898,0.0207986688851913,0.0133111480865224,0.0183028286189683,0.0149750415973377,0.0041597337770382,0.0099833610648918,0.0133111480865224,0.0083194675540765,0.1572379367720466,0.0657237936772046,0.0615640599001663,0.038269550748752,0.0532445923460898,0.040765391014975,0.0307820299500831,0.0249584026622296,0.0374376039933444,0.016638935108153,0.2828618968386023,0.0765391014975041,0.0715474209650582,0.0682196339434276,0.0399334442595673,0.0307820299500831,0.0332778702163061,0.0366056572379367,0.0232945091514143,0.019134775374376
2021-05-27,0.5724291626870424,0.2877237851662404,0.3037644427879239,0.0488903184303634,0.3195380173243503,0.3293929712460064,0.1953949472337703,-0.0782497604599169,0.3159744408945686,0.4158415841584158,-0.0912930474333983,0.5361022364217253,0.0160067396798652,0.3769968051118211,0.0134575569358178,0.4040986231187961,-0.193006993006993,-0.4773906597479614,0.0580075662042875,-0.8053527980535279,0.0,3141.0,6.0,0.7609041706462909,0.7132591010792693,1.0,0.0085959885386819,0.2250875517351162,0.4648201209805794,0.0,0.347023241006049,4.0,0.1843361986628462,0.3683540273798153,0.1999363260108246,0.2473734479465138,0.7195160776822668,0.1082457815982171,0.0668576886341929,0.0725883476599809,0.0327921044253422,0.0394778732887615,0.0881884750079592,0.8723336517032793,0.2088506844953836,0.4196115886660299,1.0,331.0,34.47468958930277,31.71218716192725,238.0,6.682164328657316,13.070761648397395,0.7943330149633875,21.0,31.63,3918.46,259.8532512131392,200.8120129810437,1291.0,119.0,4491.0,1083.9217660728118,651.7371296180461,-19.0,363.0,2.645236250968242,21.793596922582264,0.7389620449264136,0.772269558481797,24.0,297.0,150.89465530596436,38.98448979120183,0.1951975213013168,13.089005235999998,100.0,87.05799998999065,14.878031617077196,0.1928737412858249,0.2029434546862897,0.0852052672347017,0.0890782339271882,0.0836560805577072,0.0673896204492641,0.0480247869868319,0.0232378001549186,0.0379550735863671,0.0464756003098373,0.0240123934934159,0.0193648334624322,0.0209140201394268,0.0116189000774593,0.005422153369481,0.010844306738962,0.010844306738962,0.0085205267234701,0.1835786212238574,0.0666150271107668,0.0673896204492641,0.0340821068938807,0.0472501936483346,0.040278853601859003,0.0286599535243996,0.0201394268009295,0.0278853601859024,0.0131680867544539,0.2811773818745158,0.0735863671572424,0.0704879938032533,0.0658404337722695,0.0426026336173508,0.0302091402013942,0.0364058869093725,0.0309837335398915,0.0224632068164213,0.0201394268009295
2021-05-28,0.5288007554296507,0.28060740272065804,0.3289760348583878,0.0299077314667515,0.2923272035510463,0.3096590909090909,0.1883875039444619,-0.0838323353293413,0.30135689491953305,0.3971608832807571,-0.0706973768394114,0.4591353739349952,0.0261437908496732,0.3305967792863909,0.048155737704918,0.3699714919227114,-0.1596091205211726,-0.3963099630996311,0.1104725415070242,-0.7983539094650206,0.3333333333333333,3177.0,5.0,0.6949952785646837,0.7215315768651224,1.0,0.0066100094428706,0.212149826880705,0.4614416115832546,0.0003147623544224,0.3264085615360403,7.0,0.2074283915643689,0.3748819641170915,0.1967264715140069,0.2206484104501101,0.7321372363865282,0.0969468051621026,0.0723953415171545,0.0654705697198615,0.0330500472143531,0.0336795719231979,0.0679886685552408,0.8983317595215612,0.1863393138180673,0.4091910607491344,1.0,325.0,32.56783128737803,29.184193301368197,210.0,5.52373417721519,9.019448185316913,0.7957192319798552,13.0,15.61,3963.01,251.5259047978844,189.5413341680492,1379.0,119.0,4491.0,1066.0522117476432,656.3478560620861,-18.0,276.0,4.549673676577231,25.075059272086712,0.696881798404641,0.7440174039158811,39.0,298.0,155.00072516316172,36.76249626384518,0.192168237853517,21.666666666999998,100.0,89.71719608549502,12.081246752857187,0.1841914430746918,0.20159535895576505,0.0877447425670776,0.0993473531544597,0.0870195794053662,0.0696156635242929,0.0493110949963741,0.0239303843364757,0.0442349528643944,0.0413343002175489,0.0210297316896301,0.0210297316896301,0.0210297316896301,0.0116026105873821,0.0065264684554024,0.0087019579405366,0.0050761421319796,0.0101522842639593,0.2037708484408992,0.0630891950688905,0.0623640319071791,0.0333575054387237,0.0558375634517766,0.0420594633792603,0.0311820159535895,0.0181290790427846,0.0333575054387237,0.0130529369108049,0.27701232777374896,0.0703408266860043,0.0674401740391588,0.056562726613488004,0.0456852791878172,0.0253807106598984,0.0340826686004351,0.0290065264684554,0.0174039158810732,0.0195794053662073
2021-05-29,0.5750957854406129,0.2964106522578155,0.3391812865497076,0.0632273079906904,0.3224064789818743,0.3036951501154734,0.2139284340130819,-0.0411380238369857,0.3385917660638707,0.4059253559061177,-0.0242092932448262,0.5248363496341933,0.0159441953163926,0.3876685934489403,0.0164556962025316,0.3986121819583654,-0.2185602775368603,-0.4381922906513071,0.0585516178736517,-0.8163265306122449,0.1818181818181818,2610.0,8.0,0.7965517241379311,0.789197127699537,1.0,0.0099616858237547,0.2203065134099616,0.4555555555555555,0.0007662835249042,0.3697318007662835,14.0,0.2249042145593869,0.34291187739463597,0.1842911877394636,0.2471264367816092,0.7743295019157088,0.0904214559386973,0.0559386973180076,0.0567049808429118,0.0226053639846743,0.0302681992337164,0.0586206896551724,0.9111111111111112,0.2195402298850574,0.3854406130268199,1.0,330.0,37.031800766283524,36.54906005535593,203.0,8.183597883597884,12.984604059439334,0.7241379310344828,21.0,22.33,4609.83,235.2369641214352,208.79814352219987,1152.0,119.0,4491.0,1079.4661458333333,653.0504978988872,-14.0,403.0,2.8315972222222223,23.613734422958387,0.7274305555555556,0.8090277777777778,27.0,293.0,149.7109375,40.65094515020685,0.2022569444444444,15.577889447,100.0,86.26323116524469,15.361677675136368,0.171875,0.1918402777777778,0.0885416666666666,0.0998263888888889,0.0850694444444444,0.0677083333333333,0.0477430555555555,0.0303819444444444,0.0477430555555555,0.046875,0.0225694444444444,0.0269097222222222,0.0234375,0.0112847222222222,0.0052083333333333,0.0069444444444444,0.0069444444444444,0.0086805555555555,0.1753472222222222,0.0590277777777777,0.0598958333333333,0.0373263888888888,0.0442708333333333,0.0399305555555555,0.0364583333333333,0.0225694444444444,0.0338541666666666,0.0130208333333333,0.2951388888888889,0.0694444444444444,0.078125,0.0590277777777777,0.046875,0.0303819444444444,0.0329861111111111,0.0269097222222222,0.0199652777777777,0.0217013888888888
2021-05-30,0.5819916517590936,0.3301320528211284,0.3578113750899928,0.0889957907396271,0.3955582232893157,0.3227734608487747,0.2526881720430107,0.016726403823178002,0.3554757630161579,0.4019138755980861,0.0012099213551119,0.5564853556485355,0.0290964777947932,0.3918757467144564,0.0694698354661791,0.4128220491312163,-0.193006993006993,-0.4419087136929461,0.1037735849056603,-0.8146341463414634,0.5,1677.0,5.0,0.8073941562313656,0.7811885536552692,1.0,0.011329755515802,0.2134764460345855,0.4460345855694693,0.0011926058437686,0.3983303518187239,3.0,0.2063208109719737,0.3381037567084078,0.1854502087060226,0.2701252236135957,0.7543231961836613,0.0983899821109123,0.0614192009540846,0.0632081097197376,0.022659511031604,0.0256410256410256,0.0769230769230769,0.8974358974358975,0.2337507453786523,0.4132379248658318,1.0,308.0,32.71138938580798,32.585103486867105,184.0,10.780915287244401,18.678768684024558,0.6124031007751938,23.0,30.06,1708.0,234.2017173144877,175.7279371097651,916.0,119.0,4491.0,1093.2019650655022,660.2096120499373,-16.0,198.0,2.5436681222707422,20.56457916291165,0.7412663755458515,0.8264192139737991,31.0,302.0,144.04148471615719,40.85994235384244,0.2150655021834061,19.895287958,100.0,83.25083793700857,17.087910690887227,0.1604803493449781,0.2096069868995633,0.1015283842794759,0.1080786026200873,0.0687772925764192,0.0622270742358078,0.0403930131004366,0.029475982532751,0.0447598253275109,0.0513100436681222,0.019650655021834,0.0240174672489082,0.0240174672489082,0.019650655021834,0.0021834061135371,0.0054585152838427,0.0010917030567685,0.0120087336244541,0.1604803493449781,0.0513100436681222,0.0600436681222707,0.0436681222707423,0.0491266375545851,0.0480349344978165,0.03711790393013102,0.0240174672489082,0.0305676855895196,0.0141921397379912,0.2980349344978166,0.0709606986899563,0.0720524017467248,0.0611353711790393,0.0480349344978165,0.0305676855895196,0.0382096069868995,0.0349344978165938,0.0240174672489082,0.019650655021834
2021-05-31,0.5134529147982063,0.2867867867867867,0.3310104529616725,0.0543396226415094,0.32228915662650603,0.2946495855312736,0.1923365890308039,-0.0255063765941485,0.327313769751693,0.4064613072877536,-0.1063829787234042,0.5252069224981188,0.0293005671077504,0.3598797896318557,0.0366748166259168,0.3870481927710843,-0.2218649517684887,-0.4699828473413379,0.0346820809248554,-0.8611111111111112,0.6666666666666666,1338.0,6.0,0.7503736920777281,0.7462821403629147,1.0,0.0082212257100149,0.1666666666666666,0.5104633781763827,0.0,0.3789237668161435,0.0,0.1696562032884903,0.3348281016442451,0.2122571001494768,0.2832585949177877,0.7010463378176383,0.0949177877428998,0.0844544095665171,0.0769805680119581,0.0426008968609865,0.0508221225710014,0.1278026905829596,0.8213751868460388,0.2204783258594917,0.4207772795216741,1.0,324.0,31.584143605086012,31.87283847132041,172.0,7.8254156769596195,11.933691955612659,0.6292974588938715,12.0,31.63,2375.0,294.88563392857145,208.74127606382112,843.0,119.0,4491.0,1116.4448398576512,668.4552211199947,-17.0,272.0,3.998813760379597,29.682624435273752,0.763938315539739,0.8161328588374852,5.0,304.0,151.570581257414,40.985463943328256,0.2075919335705812,3.7878787879000004,100.0,86.95685868711973,15.460692877863838,0.1613285883748517,0.199288256227758,0.0972716488730723,0.0972716488730723,0.0676156583629893,0.0711743772241993,0.0569395017793594,0.0308422301304863,0.0403321470937129,0.0462633451957295,0.0308422301304863,0.0249110320284697,0.0177935943060498,0.0142348754448398,0.0023724792408066,0.0094899169632265,0.0106761565836298,0.0106761565836298,0.1435349940688019,0.05931198102016599,0.066429418742586,0.0450771055753262,0.0510083036773428,0.0403321470937129,0.0284697508896797,0.0213523131672597,0.033214709371293,0.0130486358244365,0.3107947805456702,0.0616844602609727,0.0818505338078291,0.0616844602609727,0.0403321470937129,0.0320284697508896,0.0379596678529062,0.0272835112692763,0.0213523131672597,0.0213523131672597
2021-06-01,0.5368058544984933,0.3128540305010893,0.3436078827690753,0.013548951048951,0.3109463584823375,0.3433159722222222,0.2025151777970511,-0.0792550887830229,0.2990897269180754,0.4210981409424989,-0.0690717113946326,0.5349544072948328,0.0530259365994236,0.34156913740788897,0.0675675675675675,0.4031277150304083,-0.1921951219512195,-0.44233726294208103,0.0901785714285714,-0.8327402135231317,-0.5,2323.0,5.0,0.7589324149806285,0.7334161781925767,1.0,0.0099009900990099,0.2156693930262591,0.4924666379681446,0.0004304778303917,0.3969005596211795,4.0,0.1691777873439517,0.4098148945329316,0.1851054670684459,0.2359018510546706,0.6900559621179511,0.1114937580714593,0.0731812311665949,0.07791648730090403,0.0473525613430908,0.0835126990959965,0.1885492897115798,0.7279380111924236,0.1635815755488592,0.4055101162290142,1.0,330.0,31.370210934136892,31.575426959608716,183.0,8.709500609013398,15.486197817609398,0.7068445975032286,29.0,22.14,6436.0,264.4960633036597,263.73437542090727,1108.0,119.0,4491.0,1069.0640794223827,663.0643804216038,-18.0,261.0,1.1290613718411553,16.734996630314733,0.7653429602888087,0.8366425992779783,39.0,303.0,157.0803249097473,37.211374681348794,0.1841155234657039,33.668341709,100.0,90.9226608686334,11.067378545839537,0.1705776173285198,0.2030685920577617,0.0992779783393501,0.0911552346570397,0.0794223826714801,0.0676895306859205,0.0514440433212996,0.0306859205776173,0.0361010830324909,0.0514440433212996,0.0270758122743682,0.0162454873646209,0.0225631768953068,0.0117328519855595,0.0045126353790613,0.0072202166064981,0.0072202166064981,0.0126353790613718,0.1642599277978339,0.0604693140794223,0.0667870036101083,0.0342960288808664,0.0550541516245487,0.0424187725631768,0.029783393501805002,0.0216606498194945,0.0324909747292418,0.0171480144404332,0.2969314079422382,0.0812274368231047,0.0676895306859205,0.0586642599277978,0.03971119133574,0.0243682310469314,0.0333935018050541,0.029783393501805002,0.0153429602888086,0.0207581227436823
2021-06-02,0.5591597157862218,0.3067580193086266,0.3224972294052456,0.0472613458528951,0.3150984682713348,0.3238036047234307,0.2144630664183736,-0.0490226497052435,0.3038485412787088,0.4065116279069767,-0.0031565656565656,0.5226848974518334,0.0202593192868719,0.3457595526561043,0.0724346076458752,0.3993163455562461,-0.2049122807017543,-0.4360257326661901,0.0596745027124773,-0.8035264483627204,0.625,3237.0,6.0,0.7775718257645968,0.7264752508063501,1.0,0.0074142724745134,0.2233549582947173,0.4433117083719493,0.0003089280197713,0.4155081865925239,9.0,0.18381217176397896,0.3636082792709298,0.198022860673463,0.2542477602718566,0.7306147667593451,0.0976212542477602,0.0679641643497065,0.0676552363299351,0.036144578313253004,0.0451034908866234,0.14612295335186906,0.8087735557615076,0.1850478838430645,0.4121099783750386,1.0,324.0,32.38832252085264,31.33972349962832,204.0,9.149430324276947,15.53525560482771,0.7049737411183195,40.0,22.33,6059.39,242.92715267727928,258.12601670234955,1341.0,119.0,4491.0,1074.0096942580165,651.5404827424159,-13.0,368.0,2.1342281879194642,22.46901413532785,0.7718120805369127,0.7934377330350485,34.0,301.0,145.60029828486202,39.807032303432024,0.145413870246085,21.656050955,100.0,84.63573342821552,14.920937750742905,0.16331096196867995,0.1938851603281133,0.10514541387024601,0.1081282624906786,0.0790454884414616,0.0708426547352721,0.0462341536167039,0.0253542132736763,0.029082774049217,0.0551826994780014,0.0238627889634601,0.0186428038777032,0.0223713646532438,0.0149142431021625,0.0037285607755406,0.0096942580164056,0.0082028337061894,0.0111856823266219,0.1871737509321402,0.0589112602535421,0.0618941088739746,0.0335570469798657,0.058165548098434,0.0432513049962714,0.0305741983594332,0.0253542132736763,0.0328113348247576,0.0126771066368381,0.2706935123042505,0.0715883668903803,0.0693512304250559,0.0618941088739746,0.0447427293064877,0.0268456375838926,0.0395227442207308,0.035048471290082,0.0231170768083519,0.0171513795674869
2021-06-03,0.523512924322641,0.2892018779342723,0.3154981549815498,0.0072395341517154,0.2796742875039148,0.330625,0.1891216005001563,-0.061720698254364,0.2928504527005932,0.39125,-0.0635122261035249,0.443125,0.0008261049153242,0.3366708385481852,0.0765143464399575,0.38393977415307395,-0.2037659717552118,-0.4558769681435372,0.0553482587064676,-0.8189473684210526,0.3333333333333333,3211.0,5.0,0.7290563687324821,0.6971859414879875,1.0,0.0077857365306758,0.2385549672999065,0.44752413578324496,0.000311429461227,0.3631267517907194,6.0,0.1787605107443164,0.3849268140766116,0.2052320149486141,0.2310806602304578,0.7424478355652445,0.0949859856742447,0.0644658984739956,0.0654001868576767,0.0327000934288383,0.0398629710370601,0.1136717533478667,0.8464652756150732,0.1865462472749922,0.4188726253503581,1.0,323.0,32.98006230529595,30.343215507350287,151.0,6.485460420032308,9.696619770819462,0.7710993459981315,19.0,24.96,2191.62,231.71888598130843,178.60568388585838,1302.0,119.0,4491.0,1059.5821812596007,644.8886161306583,-16.0,265.0,4.310291858678956,26.968975287299283,0.7204301075268817,0.7219662058371735,39.0,300.0,145.18356374807988,38.16684445400054,0.1774193548387097,20.418848168,100.0,84.15453589200227,14.726095915155115,0.1766513056835637,0.2058371735791089,0.0890937019969278,0.0990783410138248,0.0852534562211981,0.0698924731182795,0.0560675883256528,0.0261136712749615,0.0345622119815668,0.0384024577572964,0.0184331797235023,0.0192012288786482,0.0199692780337941,0.0115207373271889,0.0023041474654377,0.009984639016897,0.010752688172043001,0.0145929339477726,0.1874039938556067,0.06528417818740401,0.0629800307219662,0.0376344086021505,0.0506912442396313,0.0414746543778801,0.0314900153609831,0.02073732718894,0.0345622119815668,0.0138248847926267,0.2857142857142857,0.0729646697388632,0.0721966205837173,0.0583717357910906,0.0399385560675883,0.0284178187403993,0.0376344086021505,0.0307219662058371,0.0192012288786482,0.0192012288786482
2021-06-04,0.5547303842428156,0.3080168776371308,0.3153933007150922,0.0254652301665034,0.311038961038961,0.3387358184764992,0.2169260700389105,-0.0546571798188874,0.3519896473633128,0.4365877392150503,-0.0326732673267326,0.4687601165425704,0.0424726661059714,0.3829236739974127,0.0291891891891891,0.4261603375527426,-0.2002791346824843,-0.4246212121212121,0.1098829648894668,-0.8155555555555556,0.8,3097.0,5.0,0.6790442363577656,0.7073282817102059,1.0,0.0064578624475298,0.2292541168873103,0.4514045850823378,0.0003228931223764,0.3367775266386826,7.0,0.2011624152405553,0.3697126251210849,0.1934129803035195,0.2357119793348401,0.7294155634484986,0.1046173716499838,0.0674846625766871,0.0658701969648046,0.0326122053600258,0.0422989990313206,0.0965450435905715,0.8611559573781078,0.195027445915402,0.391992250565063,1.0,321.0,32.15175976751695,33.132333291478616,179.0,6.127143454621497,9.964651927147427,0.7720374556021957,31.0,14.94,2325.0,222.67755707762558,174.7940199370512,1319.0,119.0,4491.0,1085.3866565579983,672.9042364146558,-19.0,276.0,5.275208491281274,28.47421296069756,0.7293404094010614,0.7611827141774071,28.0,291.0,145.42608036391206,37.332819480258735,0.1516300227445034,15.555555556,100.0,84.15302621469735,13.807299510192768,0.1819560272934041,0.2130401819560272,0.0841546626231994,0.1015921152388172,0.0871872630780894,0.0735405610310841,0.0424564063684609,0.023502653525398,0.0341167551175132,0.048521607278240994,0.0257771038665655,0.025018953752842996,0.0174374526156178,0.0106141015921152,0.0015163002274449998,0.0068233510235026,0.0045489006823351,0.0083396512509476,0.1940864291129643,0.0598938589840788,0.0636846095526914,0.0401819560272934,0.0629264594389689,0.0447308567096285,0.0257771038665655,0.0204700530705079,0.0333586050037907,0.0128885519332827,0.2812736921910538,0.0659590598938589,0.0712661106899166,0.0591357088703563,0.0401819560272934,0.0242608036391205,0.0432145564821834,0.026535253980288,0.0181956027293404,0.0174374526156178
2021-06-05,0.542962962962963,0.3069196428571428,0.2997821350762527,0.056533133657806,0.3008948545861297,0.3247958426132145,0.2230483271375464,-0.0237653174897883,0.3265306122448979,0.3758364312267658,-0.0326251896813353,0.4747399702823179,0.0350706283487579,0.3784786641929499,-0.0139372822299651,0.3866765909936732,-0.1796200345423143,-0.4586014586014586,0.0625,-0.7804878048780488,-0.2,2700.0,9.0,0.7948148148148149,0.7559391635884691,1.0,0.0081481481481481,0.2307407407407407,0.4329629629629629,0.0,0.3862962962962963,6.0,0.204074074074074,0.3711111111111111,0.1792592592592592,0.2455555555555555,0.7637037037037037,0.0914814814814814,0.0592592592592592,0.0585185185185185,0.027037037037037002,0.034074074074074,0.0833333333333333,0.8825925925925926,0.2074074074074074,0.3851851851851852,1.0,317.0,34.69444444444444,35.56225418108939,179.0,8.177352637021716,10.631877416799282,0.7162962962962963,43.0,13.56,3462.0,226.89988977072304,209.40702837426886,1177.0,119.0,4491.0,1043.161427357689,646.8292610625067,-16.0,374.0,5.5819881053525915,29.68482883647603,0.6762956669498725,0.7587085811384877,18.0,293.0,144.38827527612577,41.127431365370654,0.1520815632965165,16.363636364,100.0,83.3210510454105,15.29304330671,0.1818181818181818,0.2090059473237043,0.0951571792693288,0.092608326253186,0.0824129141886151,0.0739167374681393,0.0492778249787595,0.028037383177569996,0.0288870008496176,0.0518266779949022,0.0254885301614273,0.0169923534409515,0.022090059473237004,0.0101954120645709,0.0033984706881903,0.0033984706881903,0.0033984706881903,0.0110450297366185,0.1860662701784197,0.060322854715377995,0.0620220900594732,0.0297366185216652,0.0526762956669498,0.0433305012744265,0.0263381478334749,0.0203908241291418,0.0297366185216652,0.0110450297366185,0.292268479184367,0.0730671197960917,0.0730671197960917,0.0671197960917587,0.0339847068819031,0.0271877655055225,0.0356839422259983,0.028037383177569996,0.0178419711129991,0.0135938827527612
2021-06-06,0.5118243243243243,0.2905692438402719,0.3038782523318605,-0.0012776831345826,0.2906382978723404,0.2676831850910631,0.1905165114309907,-0.0529212531752751,0.2742276766821837,0.3353115727002967,-0.0652920962199312,0.4692405600339414,0.0412768299394606,0.3333333333333333,-0.0053835800807537,0.3561120543293718,-0.2236719478098788,-0.4634634634634634,0.083692838654012,-0.8242574257425742,0.1428571428571428,2368.0,7.0,0.7972972972972973,0.7565242778492763,1.0,0.0080236486486486,0.1967905405405405,0.4746621621621621,0.0,0.3948479729729729,2.0,0.1587837837837837,0.3766891891891892,0.2119932432432432,0.2521114864864865,0.6921452702702703,0.0962837837837837,0.0730574324324324,0.0878378378378378,0.0506756756756756,0.0675675675675675,0.1959459459459459,0.7364864864864865,0.1756756756756756,0.4108952702702703,1.0,272.0,28.85135135135135,30.550861936301928,155.0,7.958282208588956,11.620222291684213,0.6883445945945946,33.0,22.33,2158.0,256.90457694210784,188.7497712108813,1194.0,95.0,4491.0,1042.3308207705193,662.7048262821837,-12.0,396.0,5.235343383584588,31.39253236743169,0.6725293132328308,0.7830820770519263,12.0,293.0,150.90871021775544,39.91685668934701,0.152428810720268,10.909090909000001,100.0,87.28792456966335,13.34328749506422,0.1666666666666666,0.2093802345058626,0.0845896147403685,0.0963149078726968,0.0812395309882747,0.0737018425460636,0.0586264656616415,0.0284757118927973,0.0226130653266331,0.0536013400335008,0.0268006700167504,0.0226130653266331,0.0209380234505862,0.0100502512562814,0.0067001675041876,0.0083752093802345,0.0050251256281407,0.0159128978224455,0.1566164154103852,0.0628140703517587,0.0686767169179229,0.0318257956448911,0.0485762144053601,0.0427135678391959,0.0259631490787269,0.0192629815745393,0.0293132328308207,0.0134003350083752,0.3115577889447236,0.0778894472361809,0.0728643216080402,0.0636515912897822,0.0418760469011725,0.0217755443886097,0.041038525963149004,0.0268006700167504,0.016750418760469,0.0184254606365159
2021-06-07,0.5344243792325056,0.3253833049403747,0.3854499042756861,0.0216400911161731,0.3156695156695157,0.3450226244343891,0.2412231030577576,-0.001131221719457,0.3457838143746463,0.4399773499433748,-0.0155619596541786,0.4407260351673284,0.0462686567164179,0.3867120954003407,0.0303030303030303,0.4258101193860147,-0.1858304297328687,-0.4175461741424802,0.1374133949191686,-0.8384615384615385,0.3333333333333333,1772.0,6.0,0.6805869074492099,0.7133525992773013,0.0,0.010158013544018,0.1766365688487584,0.5468397291196389,0.0011286681715575,0.437923250564334,8.0,0.1512415349887133,0.3837471783295711,0.2155756207674943,0.2488713318284424,0.6557562076749436,0.1083521444695259,0.0908577878103837,0.0993227990970654,0.0457110609480812,0.1427765237020316,0.2624153498871331,0.5948081264108352,0.1348758465011286,0.4125282167042889,1.0,314.0,26.093732354601922,28.939782018759193,143.0,6.175962293794187,8.52809749543583,0.7183972911963883,14.0,5.6,2200.93,230.6251870640457,164.09962301978226,1009.0,95.0,4491.0,1018.4222001982159,667.0485142624017,-17.0,237.0,4.621407333994053,24.346852441560024,0.7135777998017839,0.7542120911793855,15.0,304.0,142.46679881070366,40.92323846166911,0.1506442021803766,13.636363635999999,100.0,82.14523473908625,14.713434830785106,0.1734390485629336,0.2091179385530228,0.085232903865213,0.0981169474727453,0.0941526263627353,0.0782953419226957,0.0495540138751238,0.0247770069375619,0.0237859266600594,0.0505450941526263,0.0307234886025768,0.0109018830525272,0.0218037661050545,0.0089197224975222,0.0039643211100099,0.0049554013875123,0.0069375619425173,0.0089197224975222,0.1427155599603567,0.0713577799801783,0.066402378592666,0.0317145688800792,0.0376610505450941,0.0336967294350842,0.0257680872150644,0.018830525272547003,0.0317145688800792,0.0138751238850346,0.3369672943508424,0.0773042616451932,0.0773042616451932,0.0604558969276511,0.0366699702675916,0.020812685827552,0.0406342913776015,0.0287413280475718,0.018830525272547003,0.018830525272547003
2021-06-08,0.5629185759605216,0.3339241403757533,0.331083930830873,0.0391598433606265,0.325531914893617,0.3496280552603613,0.2496463932107496,-0.0258041710851891,0.355453582774444,0.4424778761061947,0.0010768126346015,0.4796747967479675,0.0669456066945606,0.4024045261669024,0.0047169811320754,0.4403832505322924,-0.1624695369618196,-0.4388637299300123,0.0908465244322092,-0.7526595744680851,0.875,2837.0,4.0,0.7176594994712725,0.6982865537148071,1.0,0.0137469157560803,0.2414522382798731,0.4462460345435319,0.00105745505816,0.4166372929150511,7.0,0.1868170602749383,0.3743390905886501,0.1980965808953119,0.2400422982023264,0.7225942897426859,0.1008107155445893,0.0715544589354952,0.0673246387028551,0.0377158970743743,0.0704970038773352,0.1804723299259781,0.7490306661966867,0.1543884384913641,0.4222770532252379,1.0,321.0,31.971096228410286,32.91091337663631,260.0,9.540213178294573,16.847418571076854,0.7275290800140994,23.0,3.74,5235.0,216.5919224489796,211.7276282250277,1246.0,95.0,4491.0,1014.8202247191012,641.2187703350468,-17.0,320.0,5.512038523274479,30.62436386582533,0.7134831460674157,0.7263242375601926,14.0,287.0,135.02648475120384,43.58524976169951,0.1637239165329053,8.75,100.0,78.007435253516,17.55357553618732,0.17495987158908494,0.2142857142857142,0.102728731942215,0.0947030497592295,0.0802568218298555,0.0698234349919743,0.0577849117174959,0.0248796147672552,0.0160513643659711,0.0537720706260032,0.0272873194221508,0.0168539325842696,0.0168539325842696,0.0104333868378812,0.0032102728731942,0.0064205457463884,0.0080256821829855,0.0112359550561797,0.1693418940609951,0.0626003210272873,0.0626003210272873,0.0280898876404494,0.0529695024077046,0.0296950240770465,0.0240770465489566,0.0208667736757624,0.0296950240770465,0.0136436597110754,0.3057784911717496,0.0818619582664526,0.0738362760834671,0.0714285714285714,0.0393258426966292,0.0232744783306581,0.0449438202247191,0.0232744783306581,0.0192616372391653,0.0120385232744783
2021-06-09,0.5343325200418264,0.2988787666433076,0.2990616075071399,0.0179767359887204,0.2847612359550562,0.3068857042991961,0.20104895104895104,-0.0726510653161019,0.2998951415588955,0.3828371278458844,-0.0651477394090423,0.4494578523959426,0.0245454545454545,0.3508219657222805,-0.0261066969353007,0.3925692253767963,-0.2695584817970565,-0.4619741100323624,0.0594125500667556,-0.8412322274881516,-0.125,2869.0,5.0,0.7040780759846637,0.7090179937913194,1.0,0.0087138375740676,0.2286510979435343,0.4503311258278146,0.0010456605088881,0.4008365284071105,6.0,0.17113976995468802,0.3875914952945277,0.19240153363541296,0.2481700941094458,0.7434646218194493,0.0930637852910421,0.0728476821192053,0.0627396305332868,0.0278842802370163,0.0568142209829208,0.1575461833391425,0.7856395956779365,0.1875217845939351,0.390728476821192,1.0,324.0,32.622865109794354,31.143143331816304,245.0,7.996298010180472,13.18132043883119,0.753224119902405,31.0,12.08,3584.33,228.651319218241,190.73998334701682,1249.0,95.0,4491.0,1025.1281024819857,662.2752337051184,-19.0,439.0,6.618895116092874,35.930963386305095,0.7165732586068855,0.7397918334667735,16.0,293.0,141.76861489191353,43.11437652226528,0.1457165732586068,14.545454545,100.0,81.45822727360604,16.172213192675468,0.1761409127301841,0.2233787029623699,0.0960768614891913,0.0896717373899119,0.0856685348278622,0.0688550840672538,0.0560448358686949,0.0264211369095276,0.0200160128102481,0.0424339471577261,0.0288230584467574,0.0144115292233787,0.0192153722978382,0.0136108887109687,0.0072057646116893,0.0080064051240992,0.0080064051240992,0.0088070456365092,0.1697357886309047,0.0672538030424339,0.0648518815052041,0.0296236989591673,0.0496397117694155,0.0400320256204963,0.0248198558847077,0.0200160128102481,0.0320256204963971,0.0120096076861489,0.3066453162530024,0.0744595676541233,0.0688550840672538,0.0640512409927942,0.0352281825460368,0.0264211369095276,0.0448358686949559,0.0288230584467574,0.0232185748598879,0.0144115292233787
2021-06-10,0.5262407301768397,0.3163939132931381,0.3237554293351152,0.0239331026528258,0.2876398049899627,0.3154881190953335,0.2234652897303499,-0.0540927303949627,0.2943871706758305,0.4023515916260395,-0.0806404657933042,0.4444444444444444,0.0393939393939393,0.3689793577981651,0.0404339250493096,0.3909796035621947,-0.2084669660038486,-0.4504474643685781,0.0239067055393586,-0.7924901185770751,-0.3,3506.0,5.0,0.6699942954934398,0.675468538160351,1.0,0.011409013120365,0.2196235025670279,0.4643468339988591,0.0002852253280091,0.3613804905875641,11.0,0.1782658300057045,0.3961779806046777,0.1922418710781517,0.2330290929834569,0.7253280091272105,0.1012549914432401,0.0704506560182544,0.0715915573302909,0.0313747860810039,0.0519110096976611,0.1138049058756417,0.8342840844266971,0.1908157444381061,0.4138619509412435,1.0,305.0,34.820878494010266,31.975550180221838,209.0,5.9173850574712645,8.396245900742441,0.7940673131774102,38.0,24.73,3275.0,236.69305015353126,195.48206925456088,1440.0,95.0,4491.0,1036.6576388888886,668.1165691526834,-16.0,329.0,6.095138888888887,31.31828984230199,0.6645833333333333,0.7451388888888889,10.0,293.0,152.0125,40.241002386947606,0.1416666666666666,9.0909090909,100.0,87.99732348652216,12.774892224895654,0.18125,0.2166666666666666,0.0847222222222222,0.0916666666666666,0.0888888888888888,0.0743055555555555,0.0597222222222222,0.025,0.0152777777777777,0.0506944444444444,0.025,0.0152777777777777,0.0236111111111111,0.0118055555555555,0.0076388888888888,0.0083333333333333,0.00625,0.0090277777777777,0.1868055555555555,0.0645833333333333,0.0666666666666666,0.0326388888888888,0.0520833333333333,0.0395833333333333,0.0215277777777777,0.0208333333333333,0.0326388888888888,0.0125,0.2965277777777778,0.0722222222222222,0.0673611111111111,0.0638888888888888,0.0423611111111111,0.0243055555555555,0.0368055555555555,0.0256944444444444,0.0215277777777777,0.0145833333333333
2021-06-11,0.4659749771132133,0.2516881522406384,0.2631210636808957,-0.0366944187480727,0.2149446494464944,0.2566615620214395,0.1486362243334354,-0.1146788990825688,0.2443355786895285,0.3602693602693603,-0.1243008079552517,0.3484662576687116,-0.0118953211736716,0.3081163859111792,-0.0276923076923076,0.3398773006134969,-0.24002574002574,-0.4740582800284292,0.0128992628992628,-0.8380782918149466,0.2727272727272727,3277.0,14.0,0.6981995727799817,0.7438226221671943,1.0,0.0057979859627708,0.2017088800732377,0.4775709490387549,0.0006103143118706,0.3698504729935917,10.0,0.1885871223680195,0.3820567592310039,0.2053707659444614,0.2236801953005798,0.7201708880073238,0.1013121757705218,0.079646017699115,0.0613365883429966,0.0375343301800427,0.0445529447665547,0.1043637473298748,0.8510833079035703,0.1852303936527311,0.4144034177601465,1.0,315.0,31.9526862026862,30.495839617945986,195.0,5.895710350255805,8.757030094721014,0.7754043332316143,33.0,31.63,2530.0,239.58373021582733,191.3571971739288,1409.0,95.0,4491.0,1023.8516678495387,661.4999269902324,-17.0,287.0,6.7324343506032625,24.94579532442339,0.6288147622427254,0.6657203690560681,21.0,293.0,153.95102909865153,39.28685679960976,0.1334279630943932,13.375796178,100.0,89.39143498260816,12.100835890325492,0.1866572036905606,0.2029808374733853,0.0872959545777146,0.0951029098651525,0.0872959545777146,0.0766501064584812,0.0581973030518097,0.0298083747338537,0.0149041873669268,0.0518097941802696,0.0248403122782115,0.0127750177430802,0.021291696238467,0.0092264017033356,0.0085166784953867,0.0085166784953867,0.0049680624556423,0.0156139105748757,0.1731724627395315,0.0681334279630943,0.0674237047551454,0.0283889283179559,0.0518097941802696,0.0404542228530872,0.0262597586941093,0.0227111426543648,0.0298083747338537,0.0106458481192335,0.2952448545067423,0.0709723207948899,0.0738112136266855,0.0667139815471966,0.0383250532292406,0.0255500354861604,0.0383250532292406,0.0290986515259048,0.0184528034066713,0.0163236337828246
2021-06-12,0.5354649026093348,0.2696421984507561,0.3029772329246935,0.0121996303142329,0.2974074074074074,0.3166421207658321,0.1909325469959454,-0.056701030927834996,0.3033542204201989,0.3733431516936671,-0.0700374531835206,0.4811669128508124,0.0233444497379704,0.3816906607604282,0.0111524163568773,0.388868411352746,-0.1934673366834171,-0.4682741116751269,0.0484712900820283,-0.808252427184466,0.3333333333333333,2721.0,6.0,0.7783902976846747,0.7314795013170271,1.0,0.0099228224917309,0.2267548695332598,0.4266813671444321,0.0011025358324145,0.4061006982726938,14.0,0.1756707092980521,0.3855200294009555,0.1966188901139287,0.2418228592429254,0.7647923557515619,0.0852627710400588,0.0610069827269386,0.0624770305034913,0.0264608599779492,0.0393237780227857,0.0804851157662624,0.8801911062109519,0.203234105108416,0.4208011760382212,1.0,322.0,39.42374127159133,39.733063476198545,177.0,8.785350966429299,12.095914775383887,0.7225284821756707,40.0,15.0,2333.63,247.397180168216,198.65002037127132,1216.0,95.0,4491.0,1056.6850328947369,665.8566488710317,-17.0,287.0,4.0649671052631575,21.954833313932,0.665296052631579,0.7639802631578947,20.0,293.0,153.36759868421052,41.27363952525917,0.1307565789473684,14.136125654,100.0,88.16132435504015,12.823474018048158,0.1817434210526315,0.2171052631578947,0.0945723684210526,0.0863486842105263,0.0863486842105263,0.0699013157894736,0.0518092105263157,0.0320723684210526,0.0123355263157894,0.0493421052631578,0.0287828947368421,0.0180921052631578,0.0213815789473684,0.0106907894736842,0.0090460526315789,0.006578947368420999,0.0041118421052631,0.0123355263157894,0.1694078947368421,0.0682565789473684,0.0633223684210526,0.0296052631578947,0.0485197368421052,0.0411184210526315,0.0238486842105263,0.0197368421052631,0.03125,0.0123355263157894,0.2944078947368421,0.0789473684210526,0.0715460526315789,0.0666118421052631,0.0394736842105263,0.0263157894736842,0.0411184210526315,0.0287828947368421,0.0205592105263157,0.0164473684210526
2021-06-13,0.5354649026093348,0.2696421984507561,0.3029772329246935,0.0121996303142329,0.2974074074074074,0.3166421207658321,0.1909325469959454,-0.056701030927834996,0.3033542204201989,0.3733431516936671,-0.0700374531835206,0.4811669128508124,0.0233444497379704,0.3816906607604282,0.0111524163568773,0.388868411352746,-0.1934673366834171,-0.4682741116751269,0.0484712900820283,-0.808252427184466,0.3333333333333333,2721.0,6.0,0.7783902976846747,0.7314795013170271,1.0,0.0099228224917309,0.2267548695332598,0.4266813671444321,0.0011025358324145,0.4061006982726938,14.0,0.1756707092980521,0.3855200294009555,0.1966188901139287,0.2418228592429254,0.7647923557515619,0.0852627710400588,0.0610069827269386,0.0624770305034913,0.0264608599779492,0.0393237780227857,0.0804851157662624,0.8801911062109519,0.203234105108416,0.4208011760382212,1.0,322.0,39.42374127159133,39.733063476198545,177.0,8.785350966429299,12.095914775383887,0.7225284821756707,40.0,15.0,2333.63,247.397180168216,198.65002037127132,1216.0,95.0,4491.0,1056.6850328947369,665.8566488710317,-17.0,287.0,4.0649671052631575,21.954833313932,0.665296052631579,0.7639802631578947,20.0,293.0,153.36759868421052,41.27363952525917,0.1307565789473684,14.136125654,100.0,88.16132435504015,12.823474018048158,0.1817434210526315,0.2171052631578947,0.0945723684210526,0.0863486842105263,0.0863486842105263,0.0699013157894736,0.0518092105263157,0.0320723684210526,0.0123355263157894,0.0493421052631578,0.0287828947368421,0.0180921052631578,0.0213815789473684,0.0106907894736842,0.0090460526315789,0.006578947368420999,0.0041118421052631,0.0123355263157894,0.1694078947368421,0.0682565789473684,0.0633223684210526,0.0296052631578947,0.0485197368421052,0.0411184210526315,0.0238486842105263,0.0197368421052631,0.03125,0.0123355263157894,0.2944078947368421,0.0789473684210526,0.0715460526315789,0.0666118421052631,0.0394736842105263,0.0263157894736842,0.0411184210526315,0.0287828947368421,0.0205592105263157,0.0164473684210526
2021-06-14,0.4695608782435129,0.22980431510286,0.2481203007518796,-0.0485338725985844,0.1912430800201308,0.2222779729051681,0.1342685370741483,-0.1251251251251251,0.2058087130696044,0.3600802407221665,-0.1212276214833759,0.3502257902659307,-0.0175666883539362,0.2831325301204819,-0.0620805369127516,0.324269889224572,-0.2747844827586206,-0.4927113702623906,-0.0081053698074974,-0.8216216216216217,0.0,2004.0,5.0,0.7295409181636726,0.750240825919944,1.0,0.0224550898203592,0.1511976047904191,0.4216566866267465,0.0004990019960079,0.4535928143712575,5.0,0.1596806387225549,0.3797405189620758,0.21706586826347304,0.2430139720558882,0.6751497005988024,0.1092814371257485,0.0763473053892215,0.0838323353293413,0.0553892215568862,0.1112774451097804,0.2220558882235529,0.6666666666666666,0.155688622754491,0.4081836327345309,1.0,304.0,27.953592814371266,29.862546517989024,92.0,7.070536370315943,9.972949756438576,0.6791417165668663,34.0,22.33,5631.89,264.07219755826856,236.10934413871811,970.0,129.0,4491.0,1027.9484536082477,680.6874093513203,-16.0,234.0,7.568041237113402,28.895598867823896,0.6237113402061856,0.6938144329896907,18.0,293.0,152.31340206185567,40.74566493903675,0.1422680412371134,10.0,100.0,88.30211062624336,12.698174455228404,0.17938144329896902,0.2144329896907216,0.0948453608247422,0.1061855670103092,0.0896907216494845,0.0773195876288659,0.0515463917525773,0.0216494845360824,0.0061855670103092,0.0494845360824742,0.0237113402061855,0.0134020618556701,0.0175257731958762,0.0134020618556701,0.0082474226804123,0.0041237113402061,0.0072164948453608,0.0134020618556701,0.2298969072164948,0.0525773195876288,0.0711340206185567,0.0195876288659793,0.0628865979381443,0.0484536082474226,0.0195876288659793,0.0216494845360824,0.0391752577319587,0.011340206185567,0.2463917525773196,0.0659793814432989,0.0701030927835051,0.0608247422680412,0.0309278350515463,0.0257731958762886,0.0402061855670103,0.034020618556701,0.0164948453608247,0.0164948453608247
2021-06-15,0.5574453314821243,0.3158995815899582,0.3351195383347073,0.0434325744308231,0.322840153899965,0.3279888462879052,0.2103796586555207,-0.0467224546722454,0.3281032078103207,0.4181500872600349,-0.0212992545260915,0.5137774677363097,0.0370541917554423,0.3551304347826087,0.0192539109506618,0.4151207560378019,-0.1685214626391097,-0.4465004022526146,0.0624561403508771,-0.8292682926829268,0.4,2881.0,5.0,0.7306490801804929,0.7271958332784392,1.0,0.007289135716765,0.2186740715029503,0.4498438042346407,0.0006942034015966,0.4251995834779589,5.0,0.1735508503991669,0.3651509892398473,0.198542172856647,0.2624088858035404,0.7216244359597362,0.0912877473099618,0.0673377299548767,0.0812217979868101,0.038528288788615,0.0718500520652551,0.1860465116279069,0.742103436306838,0.1697327316903852,0.4206872613675807,1.0,293.0,31.984380423464074,32.58230122576273,177.0,8.295874822190612,12.785327478182205,0.7320374869836862,41.0,25.0,2489.5,230.56705410821644,178.0920213701917,1266.0,95.0,4491.0,1005.5347551342813,652.1925326018693,-19.0,258.0,2.5387045813586098,22.014450939741202,0.7614533965244866,0.7962085308056872,18.0,293.0,145.81990521327015,43.4241416469868,0.1484992101105845,13.636363635999999,100.0,83.93356016382862,14.834888417735147,0.1879936808846761,0.2116903633491311,0.0837282780410742,0.0955766192733017,0.098736176935229,0.0766192733017377,0.0545023696682464,0.0276461295418641,0.0023696682464454,0.0473933649289099,0.0315955766192733,0.0142180094786729,0.0205371248025276,0.0102685624012638,0.0102685624012638,0.0047393364928909,0.0086887835703001,0.0094786729857819,0.1611374407582938,0.0600315955766192,0.0631911532385466,0.0339652448657188,0.0537124802527646,0.0387045813586097,0.0260663507109004,0.0181674565560821,0.0284360189573459,0.0110584518167456,0.3143759873617693,0.0718799368088467,0.0734597156398104,0.0750394944707741,0.0363349131121642,0.0276461295418641,0.0387045813586097,0.0244865718799368,0.0150078988941548,0.0142180094786729
2021-06-16,0.4461821527138914,0.2212962962962963,0.2365930599369085,-0.0549348230912476,0.2516188714153561,0.2539242843951985,0.1244239631336405,-0.1300738007380073,0.1815668202764977,0.3367158671586716,-0.1161473087818696,0.4284395198522622,0.0534698521046643,0.3065558633425669,-0.0721003134796238,0.30919220055710306,-0.2003642987249544,-0.4489361702127659,0.0261324041811846,-0.8737373737373737,0.0,1087.0,4.0,0.7203311867525299,0.725096475941264,1.0,0.0275988960441582,0.1775528978840846,0.4535418583256669,0.0,0.5188592456301748,3.0,0.1646734130634774,0.4047838086476541,0.1904323827046918,0.2401103955841766,0.6844526218951242,0.1205151793928242,0.0717571297148114,0.0791168353265869,0.0441582336706531,0.0791168353265869,0.1775528978840846,0.7433302667893285,0.1490340386384544,0.3919043238270469,1.0,303.0,32.36706531738731,35.469652695990426,183.0,7.905882352941178,12.41121471464205,0.703771849126035,26.0,15.0,4200.0,266.4701559251559,253.1539326433125,690.0,119.0,4491.0,1067.6028985507246,684.0169125916923,-15.0,429.0,4.340579710144928,30.94765850840034,0.6855072463768116,0.8043478260869565,36.0,293.0,153.2246376811594,44.53915257374739,0.1608695652173913,26.666666666999998,100.0,86.52049656942158,14.59154568858866,0.2115942028985507,0.2144927536231884,0.0797101449275362,0.0927536231884058,0.0768115942028985,0.0739130434782608,0.0463768115942029,0.0391304347826087,0.0014492753623188,0.0492753623188405,0.0304347826086956,0.0159420289855072,0.017391304347826,0.008695652173913,0.0159420289855072,0.0043478260869565,0.0072463768115942,0.008695652173913,0.1391304347826087,0.0623188405797101,0.0579710144927536,0.0144927536231884,0.0463768115942029,0.0565217391304347,0.0231884057971014,0.0159420289855072,0.0347826086956521,0.0130434782608695,0.3275362318840579,0.0869565217391304,0.0826086956521739,0.0768115942028985,0.0391304347826087,0.0144927536231884,0.0391304347826087,0.0318840579710144,0.0202898550724637,0.008695652173913
2021-06-17,0.5303258145363409,0.2769657258064516,0.3107511045655375,0.0278692677983278,0.287266296109146,0.2861090178347149,0.1729607250755287,-0.1008044243338361,0.2994974874371859,0.3838612368024133,-0.0842725409836065,0.4798488664987405,0.0052321778940483,0.3488430583501006,0.0095735422106179,0.4039818548387097,-0.2230255839822024,-0.4718640093786635,0.0106490872210953,-0.8011049723756906,0.2307692307692307,3990.0,5.0,0.7027568922305765,0.6886010382423953,1.0,0.0077694235588972,0.2150375939849624,0.4711779448621553,0.0,0.3764411027568922,7.0,0.1631578947368421,0.4015037593984962,0.2072681704260651,0.2278195488721804,0.7260651629072682,0.0992481203007518,0.0649122807017543,0.0776942355889724,0.0320802005012531,0.0551378446115288,0.1338345864661654,0.8110275689223058,0.1729323308270676,0.4228070175438596,1.0,320.0,34.202255639097736,31.708617046649863,186.0,6.131281407035176,8.60796824470631,0.7979949874686717,51.0,31.63,2750.0,244.15800234672923,197.1948290737068,1510.0,95.0,4491.0,1032.156953642384,653.1423162093528,-17.0,377.0,3.743046357615893,23.01073455072192,0.7086092715231788,0.7894039735099337,44.0,293.0,155.9158940397351,39.10293224089908,0.1397350993377483,30.653266331999998,100.0,90.22743119534573,11.076092605526886,0.2019867549668874,0.2139072847682119,0.09072847682119198,0.0966887417218543,0.0887417218543046,0.07615894039735101,0.0516556291390728,0.0298013245033112,0.0026490066225165,0.0490066225165562,0.0231788079470198,0.0132450331125827,0.0158940397350993,0.0112582781456953,0.0046357615894039,0.0039735099337748,0.0059602649006622,0.0119205298013245,0.1708609271523178,0.0609271523178807,0.06688741721854301,0.0298013245033112,0.0470198675496688,0.0350993377483443,0.0271523178807947,0.0185430463576158,0.0344370860927152,0.009933774834437,0.3019867549668874,0.0781456953642384,0.0688741721854304,0.0688741721854304,0.0357615894039735,0.0218543046357615,0.0397350993377483,0.0311258278145695,0.0178807947019867,0.0139072847682119
2021-06-18,0.5076643283969863,0.2542372881355932,0.28537098227696,-0.0194174757281553,0.2285564853556485,0.2608922515001304,0.1703182055294731,-0.1112268820005209,0.2445198329853862,0.3558570310461779,-0.1180831347630394,0.4015112037519541,0.0006743088334457,0.3142112125162972,-0.040590405904059,0.3656364588789942,-0.2341381246490735,-0.4708930204206035,0.0059427336574824,-0.8467023172905526,0.25,3849.0,8.0,0.6734216679657054,0.7228256225548826,0.0,0.0077942322681215,0.2057677318784099,0.4866199012730579,0.0002598077422707,0.3541179527149909,4.0,0.1722525331254871,0.398545076643284,0.2005715770329955,0.2286308131982333,0.7155105222135619,0.1078202130423486,0.065731358794492,0.0745648220316965,0.0363730839179007,0.057417511041828996,0.1275656014549233,0.8150168875032476,0.179786957651338,0.4006235385814497,1.0,324.0,32.31436736814757,31.354288002846182,159.0,5.77114267269206,8.038387480221937,0.8048843855546896,54.0,26.12,3187.0,246.41139486260448,191.33248472697318,1538.0,95.0,3963.0,1012.8602080624188,652.656593555702,-18.0,421.0,5.973992197659298,27.756715174396025,0.6319895968790638,0.7490247074122237,27.0,293.0,159.13394018205463,37.908069537486035,0.1677503250975292,23.618090451999997,100.0,92.23511504204157,10.056999394104107,0.2054616384915474,0.2126137841352405,0.0936280884265279,0.0962288686605981,0.0851755526657997,0.0786736020806241,0.0507152145643693,0.0273081924577373,0.0,0.0526657997399219,0.0266579973992197,0.0136540962288686,0.0162548764629388,0.0130039011703511,0.0039011703511053,0.0052015604681404,0.0045513654096228,0.0097529258777633,0.1840052015604681,0.0604681404421326,0.0617685305591677,0.0286085825747724,0.0487646293888166,0.0403120936280884,0.0247074122236671,0.0201560468140442,0.0370611183355006,0.0110533159947984,0.2925877763328999,0.0747724317295188,0.0741222366710013,0.0689206762028608,0.0377113133940182,0.0214564369310793,0.0377113133940182,0.0240572171651495,0.0188556566970091,0.0149544863459037
2021-06-19,0.4722134010797078,0.24331210191082805,0.2976985894580549,-0.0848601735776277,0.2219738102842542,0.24569789674952205,0.1554635234151003,-0.0988871224165341,0.2232484076433121,0.307129217059198,-0.1239427456083279,0.3457497612225406,0.0207064555420219,0.2995538559592097,-0.0875763747454175,0.324074074074074,-0.2044317369549678,-0.4921816827997021,0.0080296479308214,-0.8673300165837479,0.4166666666666667,3149.0,14.0,0.8158145442997777,0.7799855901671817,1.0,0.0088917116544934,0.1968879009209272,0.4414099714194982,0.0012702445220704,0.3902826294061607,11.0,0.1616386154334709,0.3899650682756429,0.20895522388059692,0.2388059701492537,0.741187678628136,0.1016195617656398,0.0555731978405843,0.0685932041918069,0.0330263575738329,0.0412829469672912,0.0885995554144172,0.8701174976182915,0.1984757065735154,0.4064782470625595,1.0,325.0,37.90885995554145,36.29338678950853,221.0,7.875161987041037,10.136171436873495,0.7351540171483011,61.0,31.63,5625.0,259.614982909229,243.17712530997105,1306.0,95.0,3963.0,1061.6332312404288,659.0605896121365,-18.0,473.0,10.302450229709033,34.31291137038768,0.5689127105666156,0.6554364471669221,23.0,293.0,158.07656967840734,39.44671310435492,0.1347626339969372,21.100917431,100.0,91.03816814418823,10.476597130497726,0.2044410413476263,0.2029096477794793,0.0911179173047473,0.0918836140888208,0.0826952526799387,0.0765696784073506,0.0490045941807044,0.0290964777947932,0.0007656967840735,0.0535987748851454,0.0252679938744257,0.0199081163859111,0.0214395099540581,0.0130168453292496,0.004594180704441,0.0053598774885145,0.0038284839203675,0.0130168453292496,0.1684532924961715,0.063552833078101,0.0581929555895865,0.0336906584992343,0.0451761102603369,0.0444104134762634,0.0267993874425727,0.0206738131699846,0.0367534456355283,0.0114854517611026,0.2978560490045941,0.0727411944869831,0.0758039816232771,0.0681470137825421,0.0367534456355283,0.0229709035222052,0.0352220520673813,0.0275650842266462,0.0183767228177641,0.0168453292496171
2021-06-20,0.4458393113342898,0.2046931407942238,0.2252587991718426,-0.0688156465048895,0.1742122419413256,0.2053314121037464,0.1282882882882882,-0.1260806916426513,0.2048236141108711,0.279379956741168,-0.1685516234950748,0.2953479985575189,-0.0265324794144556,0.2813852813852814,-0.0634730538922155,0.3025604038946989,-0.2474469756480754,-0.4884516680923866,0.0114942528735632,-0.8368522072936658,0.0833333333333333,2788.0,8.0,0.7636298421807748,0.7397747079924158,1.0,0.0078909612625538,0.1714490674318508,0.4799139167862267,0.0010760401721664,0.3787661406025825,2.0,0.1538737446197991,0.4099713055954089,0.1933285509325681,0.2428263988522238,0.7245337159253945,0.0997130559540889,0.0670731707317073,0.0735294117647058,0.0351506456241033,0.0652797704447632,0.1452654232424677,0.7894548063127691,0.1825681492109038,0.3848637015781923,1.0,311.0,31.83034433285509,31.61992141868257,124.0,7.0965794768611685,9.214861214748016,0.7130559540889526,37.0,31.63,3462.0,268.46775416666674,222.8109306308486,1311.0,95.0,4491.0,1048.6140350877192,676.0385376237691,-14.0,328.0,12.060259344012206,33.265692382748945,0.5278413424866514,0.6247139588100686,37.0,293.0,161.17391304347825,38.04009884947635,0.1395881006864988,30.0,100.0,92.30071281661249,9.845234110086958,0.2120518688024409,0.2189168573607932,0.0900076277650648,0.0930587337909992,0.0770404271548436,0.0717009916094584,0.053394355453852,0.0312738367658276,0.0,0.0427154843630816,0.0259344012204424,0.0167810831426392,0.0183066361556064,0.0129672006102212,0.0091533180778032,0.0038138825324179997,0.0030511060259344,0.011441647597254,0.1662852784134248,0.0602593440122044,0.0732265446224256,0.0289855072463768,0.045766590389016,0.0396643783371472,0.0251716247139588,0.019069412662090002,0.0297482837528604,0.011441647597254,0.3089244851258581,0.0694126620900076,0.0770404271548436,0.0671243325705568,0.0366132723112128,0.0274599542334096,0.0350877192982456,0.0289855072463768,0.0205949656750572,0.015255530129671999
2021-06-21,0.449528936742934,0.2149627623561273,0.2791505791505791,-0.0587635869565217,0.19817073170731692,0.228744939271255,0.1307432432432432,-0.149273893954745,0.2213225371120108,0.325455773126266,-0.147119341563786,0.3033783783783784,-0.0354452813469206,0.2861007778153534,-0.0917992656058751,0.3258807588075881,-0.2407272727272727,-0.5240770465489567,0.0027913468248429,-0.8422053231939164,0.1538461538461538,2972.0,7.0,0.7328398384925976,0.7329056790291106,1.0,0.0057200538358008,0.1739569313593539,0.5309555854643337,0.0003364737550471,0.4030955585464333,5.0,0.1308882907133243,0.4266487213997308,0.2230820995962315,0.2187079407806191,0.645693135935397,0.1187752355316285,0.0804172274562584,0.0989232839838492,0.0561911170928667,0.1201211305518169,0.2520188425302826,0.6278600269179004,0.1302153432032301,0.4088156123822342,1.0,324.0,28.855989232839843,32.00383035910771,102.0,6.1191964285714295,7.4482935374904145,0.7537012113055181,40.0,22.32,4969.59,268.97665782493357,245.82316403111642,1332.0,95.0,4491.0,1031.1816816816818,660.8813310715116,-18.0,489.0,11.16066066066066,38.56339846851529,0.5533033033033034,0.6201201201201201,21.0,299.0,159.3506006006006,39.682126034415134,0.1343843843843843,19.090909091,100.0,92.03944904606286,10.69653364938806,0.2012012012012012,0.2109609609609609,0.0825825825825825,0.0968468468468468,0.0893393393393393,0.0765765765765765,0.0563063063063063,0.0277777777777777,0.0,0.048048048048048,0.0255255255255255,0.0127627627627627,0.018018018018018004,0.0157657657657657,0.0075075075075075,0.0037537537537537,0.006006006006006,0.0127627627627627,0.1524024024024024,0.0698198198198198,0.063063063063063,0.033033033033032996,0.0442942942942942,0.0337837837837837,0.0277777777777777,0.021021021021021,0.0367867867867867,0.0105105105105105,0.3145645645645645,0.081081081081081,0.0653153153153153,0.0668168168168168,0.039039039039039,0.0255255255255255,0.039039039039039,0.0277777777777777,0.0195195195195195,0.0165165165165165
2021-06-22,0.5171749598715891,0.2656350741457124,0.2985362095531587,-0.0039011703511053,0.2453868565878925,0.2912371134020619,0.1870364398581102,-0.1017058255551979,0.2625644329896907,0.3923275306254029,-0.0677577741407528,0.4331826985151711,0.0273338940285954,0.3267678398450113,-0.0125858123569794,0.3668715626011,-0.1784930504754937,-0.4753227031131359,0.0139505389980976,-0.8471910112359551,0.3,3115.0,12.0,0.7569823434991975,0.7821539586540359,1.0,0.009951845906902,0.2337078651685393,0.4552166934189406,0.0019261637239165,0.4346709470304976,11.0,0.1640449438202247,0.4025682182985554,0.197752808988764,0.2356340288924558,0.7287319422150883,0.0975922953451043,0.0674157303370786,0.0709470304975923,0.0353130016051364,0.0770465489566613,0.1756019261637239,0.7473515248796148,0.15666131621187804,0.4089887640449438,1.0,278.0,33.49406099518459,33.61893371240422,178.0,8.264218540080611,11.668857533563376,0.7168539325842697,52.0,13.54,3200.0,242.3540895522388,200.1574522889989,1312.0,95.0,4491.0,1030.4024390243903,654.6065584655516,-18.0,352.0,5.1951219512195115,26.478177027864078,0.635670731707317,0.7408536585365854,21.0,293.0,155.95503048780492,43.039480809058745,0.1592987804878048,9.292035398200001,100.0,89.63661519111895,13.625918943235964,0.2019817073170731,0.2149390243902439,0.0815548780487804,0.0907012195121951,0.0899390243902439,0.0769817073170731,0.048780487804878,0.03125,0.0,0.0541158536585365,0.03125,0.0137195121951219,0.0160060975609756,0.010670731707317001,0.0099085365853658,0.0030487804878048,0.0076219512195121,0.0129573170731707,0.1722560975609756,0.0594512195121951,0.0632621951219512,0.03125,0.041920731707317,0.0365853658536585,0.0289634146341463,0.0228658536585365,0.0358231707317073,0.0129573170731707,0.3079268292682927,0.0754573170731707,0.0701219512195122,0.0663109756097561,0.0388719512195121,0.0213414634146341,0.0365853658536585,0.0266768292682926,0.0205792682926829,0.0160060975609756
2021-06-23,0.4906015037593985,0.2312065698041693,0.26,-0.0095663265306122,0.2607594936708861,0.2788643533123028,0.1242118537200504,-0.1456494325346784,0.2411838790931989,0.3453056080655324,-0.1311053984575835,0.4551767676767677,0.0008116883116883,0.296343001261034,-0.1018099547511312,0.345088161209068,-0.2188841201716738,-0.49595290654893304,0.0268292682926829,-0.7846153846153846,0.5,1596.0,5.0,0.7493734335839599,0.7452038384049068,1.0,0.0181704260651629,0.1998746867167919,0.4104010025062656,0.0006265664160401,0.5238095238095238,6.0,0.1635338345864661,0.4028822055137844,0.200501253132832,0.2330827067669172,0.7343358395989975,0.0977443609022556,0.0545112781954887,0.0726817042606516,0.0407268170426065,0.0545112781954887,0.14411027568922302,0.8013784461152882,0.1773182957393483,0.3796992481203007,1.0,266.0,34.9812030075188,33.740940370858965,162.0,8.343887423043098,10.498765018653039,0.7124060150375939,38.0,22.33,4445.0,275.8183003663004,265.7375686325508,928.0,119.0,4491.0,1074.9827586206898,695.121475669959,-16.0,338.0,3.346982758620689,20.212631069416823,0.6767241379310345,0.7941810344827587,22.0,293.0,157.19073275862067,42.481892078702685,0.1745689655172413,17.777777778,100.0,89.69405002327896,12.547665444877849,0.2036637931034483,0.1928879310344827,0.0851293103448275,0.0959051724137931,0.0872844827586206,0.0808189655172413,0.052801724137931,0.0355603448275862,0.0,0.0463362068965517,0.0334051724137931,0.0140086206896551,0.0237068965517241,0.0140086206896551,0.0129310344827586,0.0021551724137931,0.0086206896551724,0.0086206896551724,0.1713362068965517,0.0732758620689655,0.0603448275862069,0.0258620689655172,0.0377155172413793,0.0484913793103448,0.0237068965517241,0.0161637931034482,0.043103448275862,0.011853448275861999,0.3092672413793103,0.0829741379310344,0.0797413793103448,0.0657327586206896,0.0377155172413793,0.0226293103448275,0.043103448275862,0.0258620689655172,0.0193965517241379,0.0107758620689655
2021-06-24,0.5168975069252078,0.2841225626740947,0.2930202637504021,0.0,0.2564102564102564,0.2990835878922521,0.1941127464593168,-0.1083333333333333,0.2770213948318977,0.3687430478309232,-0.0964812712826333,0.4230448093515168,0.0263823635706541,0.3312013348164627,0.0019455252918287,0.3719308035714285,-0.1802782819116757,-0.465832531280077,0.059965733866362,-0.8110687022900763,0.6,3610.0,6.0,0.6850415512465374,0.7099210349055849,1.0,0.0072022160664819,0.2191135734072022,0.4537396121883656,0.0002770083102493,0.3767313019390582,8.0,0.1396121883656509,0.4310249307479224,0.1941828254847645,0.2346260387811634,0.7240997229916898,0.106371191135734,0.0623268698060941,0.0781163434903047,0.0290858725761772,0.0479224376731301,0.1290858725761773,0.8229916897506925,0.1872576177285318,0.4160664819944598,1.0,319.0,35.63739612188365,33.86500489899505,172.0,6.3228206945428775,8.965705473396191,0.7817174515235457,48.0,29.09,2727.84,258.9557645511345,198.22569381997462,1474.0,119.0,4491.0,1028.3249660786971,659.0712031917426,-17.0,373.0,5.8588873812754425,27.5429017765456,0.6567164179104478,0.7279511533242876,25.0,293.0,160.8270013568521,39.27516109778922,0.1438263229308005,13.888888889,100.0,92.77918716105756,9.984565387117929,0.2062415196743555,0.2130257801899593,0.0888738127544097,0.0922659430122116,0.0868385345997286,0.0800542740841248,0.0508819538670284,0.0284938941655359,0.0,0.0481682496607869,0.0223880597014925,0.0128900949796472,0.0169606512890094,0.010854816824965998,0.0094979647218453,0.0033921302578018,0.0067842605156037,0.0142469470827679,0.1818181818181818,0.0658073270013568,0.0664857530529172,0.0278154681139755,0.0508819538670284,0.0373134328358208,0.0210312075983717,0.0223880597014925,0.0325644504748982,0.010854816824965998,0.3005427408412483,0.0759837177747625,0.0685210312075983,0.059023066485752985,0.0407055630936228,0.0264586160108548,0.0427408412483039,0.0237449118046132,0.0169606512890094,0.0142469470827679
2021-06-25,0.4758364312267658,0.2579439252336448,0.3118503118503118,-0.064030131826742,0.1883239171374764,0.2373831775700934,0.1719626168224299,-0.0785046728971962,0.1760299625468165,0.333955223880597,-0.1504761904761904,0.3408239700374532,0.0188679245283018,0.2635514018691589,-0.0470588235294117,0.3058161350844278,-0.2238805970149253,-0.5128755364806867,-0.0035587188612099,-0.8350515463917526,0.6,538.0,3.0,0.5631970260223048,0.6909245433543294,0.0,0.0148698884758364,0.1895910780669145,0.5669144981412639,0.0018587360594795,0.4089219330855018,4.0,0.1524163568773234,0.4163568773234201,0.2193308550185873,0.2100371747211896,0.6654275092936803,0.1226765799256505,0.0966542750929368,0.0836431226765799,0.0315985130111524,0.0724907063197026,0.1263940520446096,0.8011152416356877,0.1654275092936803,0.3866171003717472,1.0,203.0,28.446096654275088,27.650146628393248,39.0,5.708133971291868,5.107570049382269,0.7769516728624535,4.0,14.0,1527.09,250.89337868480732,173.78649097296054,460.0,95.0,2975.0,1049.0152173913043,691.3492805048953,-12.0,280.0,8.108695652173912,28.848887535231924,0.5956521739130435,0.7,75.0,286.0,167.09347826086957,35.13983830698936,0.1760869565217391,67.53926701600001,100.0,95.29420348066294,5.983996085260112,0.2260869565217391,0.2282608695652173,0.0869565217391304,0.1,0.0695652173913043,0.0630434782608695,0.0434782608695652,0.0260869565217391,0.0,0.0369565217391304,0.0326086956521739,0.017391304347826,0.0282608695652173,0.008695652173913,0.0021739130434782,0.0021739130434782,0.0043478260869565,0.017391304347826,0.15,0.05,0.0652173913043478,0.0434782608695652,0.0260869565217391,0.0391304347826087,0.0195652173913043,0.0260869565217391,0.0326086956521739,0.017391304347826,0.3347826086956522,0.067391304347826,0.0630434782608695,0.0826086956521739,0.0608695652173913,0.0260869565217391,0.0413043478260869,0.0195652173913043,0.008695652173913,0.017391304347826
2021-06-26,0.3976470588235294,0.1860649247822644,0.2129032258064516,-0.1173671689135606,0.1249011857707509,0.1769352290679305,0.1138339920948616,-0.1371158392434988,0.152876280535855,0.2278481012658227,-0.1978998384491114,0.2125984251968504,-0.0236966824644549,0.2433070866141732,-0.1088082901554404,0.2624505928853755,-0.2295081967213114,-0.4784140969162995,-0.0529986052998605,-0.8315789473684211,0.4285714285714285,1275.0,7.0,0.8219607843137255,0.7837563507233783,1.0,0.028235294117647008,0.1709803921568627,0.4556862745098039,0.0015686274509803,0.4745098039215686,9.0,0.15215686274509801,0.4047058823529412,0.1984313725490196,0.2439215686274509,0.7058823529411765,0.11607843137254906,0.0768627450980392,0.0745098039215686,0.0266666666666666,0.0376470588235294,0.1027450980392157,0.8596078431372549,0.2023529411764706,0.4,1.0,316.0,35.98588235294117,39.18718659605776,266.0,10.087116564417178,15.675095457347656,0.6392156862745098,43.0,8.97,2035.0,294.62637372802965,237.51485824825744,808.0,119.0,4491.0,1133.388613861386,726.18211790901,-12.0,598.0,15.404702970297027,39.25843995838587,0.4764851485148514,0.6113861386138614,42.0,293.0,164.75495049504948,40.48031755422907,0.1732673267326732,26.751592357,100.0,93.4208059819157,9.384051687785336,0.2029702970297029,0.2091584158415841,0.0928217821782178,0.094059405940594,0.0742574257425742,0.0655940594059406,0.0457920792079207,0.0346534653465346,0.0,0.0482673267326732,0.0346534653465346,0.0148514851485148,0.0235148514851485,0.0136138613861386,0.0136138613861386,0.0012376237623762,0.0037128712871287,0.0111386138613861,0.1485148514851485,0.0532178217821782,0.0532178217821782,0.0272277227722772,0.0445544554455445,0.0581683168316831,0.0259900990099009,0.0173267326732673,0.0457920792079207,0.0099009900990099,0.3056930693069307,0.0841584158415841,0.0841584158415841,0.0754950495049504,0.0371287128712871,0.0198019801980198,0.0544554455445544,0.0346534653465346,0.0148514851485148,0.0136138613861386
2021-06-27,0.4486215538847117,0.2135397911415196,0.2444260941370768,-0.0830324909747292,0.1726618705035971,0.1984184040258806,0.1254042400287459,-0.118491921005386,0.2094861660079051,0.2846872753414809,-0.1557917888563049,0.3541442411194833,-0.0132359653126426,0.2958707360861759,-0.082437275985663,0.2928494430470715,-0.243140243902439,-0.4865089248650892,-0.0014566642388929,-0.8385093167701864,-0.5833333333333334,2793.0,5.0,0.7246688148943788,0.7174828449208039,1.0,0.0110991765127103,0.1757966344432509,0.4973147153598281,0.0007160759040458,0.3884711779448621,10.0,0.1188686000716075,0.4568564267812388,0.1997851772287862,0.2237737200143215,0.7164339419978518,0.104547081990691,0.0698174006444683,0.0716075904045828,0.037593984962406,0.0590762620837808,0.1485857500895095,0.7923379878267096,0.1679197994987468,0.3909774436090225,1.0,331.0,31.545649838882927,33.849724944419755,132.0,6.8504523682809975,8.273061391645124,0.6727533118510562,47.0,31.63,2630.66,283.19632687447347,205.71553727337243,1409.0,95.0,4491.0,1013.2980837473384,642.0973694243029,-16.0,317.0,8.11000709723208,26.02953890343657,0.5422285308729595,0.6607523066004258,21.0,293.0,164.1277501774308,37.5247551337332,0.1504613200851667,18.75,100.0,95.54487669619148,7.762733195565463,0.2022711142654364,0.2100780695528744,0.0887154009936125,0.0965223562810504,0.0958126330731014,0.0667139815471966,0.0503903477643718,0.027679205110007002,0.0,0.049680624556423,0.0255500354861604,0.0170333569907735,0.0177430801987224,0.0127750177430802,0.0063875088715401,0.0028388928317956,0.0035486160397444,0.0163236337828246,0.1753016323633782,0.0603264726756564,0.0574875798438608,0.0340667139815471,0.0397444996451384,0.0361958836053939,0.0248403122782115,0.021291696238467,0.0319375443577005,0.0106458481192335,0.3051809794180269,0.0801987224982257,0.0709723207948899,0.0731014904187366,0.0383250532292406,0.0255500354861604,0.0361958836053939,0.0248403122782115,0.0163236337828246,0.0149041873669268
2021-06-28,0.4934747145187602,0.2455924559245592,0.2870544090056285,-0.0709278350515463,0.1973791973791973,0.2360883797054009,0.1478296478296478,-0.1033496732026143,0.2310838445807771,0.3432896890343699,-0.1483493522774759,0.3698854337152209,0.0366182014001077,0.2958265139116203,-0.1009549795361528,0.3449691991786447,-0.2247191011235955,-0.4857549857549857,0.0362903225806451,-0.8048128342245989,-0.1111111111111111,2452.0,5.0,0.7585644371941273,0.7380408269655708,1.0,0.0073409461663947,0.1716965742251223,0.5199836867862969,0.0004078303425774,0.39885807504078297,6.0,0.1158238172920065,0.4584013050570962,0.2039151712887439,0.2218597063621533,0.6941272430668842,0.1019575856443719,0.0795269168026101,0.0852365415986949,0.0391517128874388,0.1105220228384991,0.2190048939641109,0.6704730831973899,0.1390701468189233,0.3849918433931484,1.0,302.0,29.207177814029365,31.73520307974471,140.0,6.485552407932014,8.030161453097508,0.7198205546492659,37.0,16.26,2646.5,262.4059545875811,186.34856374922,1219.0,95.0,4491.0,1052.7432321575059,670.1380299402051,-15.0,330.0,7.2420016406890895,26.413840625969552,0.5890073831009024,0.694011484823626,44.0,304.0,163.3699753896637,38.66809784204401,0.1460213289581624,27.5,100.0,93.91899804807608,9.190404749264818,0.2050861361771944,0.2116488925348646,0.0828547990155865,0.0976210008203445,0.08121410992616901,0.08121410992616901,0.0525020508613617,0.0262510254306808,0.0,0.0467596390484003,0.0287120590648072,0.0139458572600492,0.0188679245283018,0.0131255127153404,0.0073831009023789,0.0049220672682526,0.0065627563576702,0.0139458572600492,0.1501230516817063,0.0639868744872846,0.0648072190319934,0.0336341263330598,0.0467596390484003,0.0442986054142739,0.0262510254306808,0.0205086136177194,0.0319934372436423,0.0106644790812141,0.3141919606234618,0.08121410992616901,0.0664479081214109,0.0746513535684987,0.0385561936013125,0.0205086136177194,0.0385561936013125,0.0295324036095159,0.0164068908941755,0.0164068908941755
2021-06-29,0.5058823529411764,0.2494261667941851,0.27646270656543104,-0.0210647261585599,0.2439862542955326,0.2681627995435526,0.1509146341463414,-0.1012176560121765,0.2389481707317073,0.3447358418852147,-0.1231126596980255,0.4695585996955859,-0.0009713453132588,0.2954198473282443,-0.0576441102756892,0.3370229007633588,-0.2373607540702656,-0.5133333333333333,0.0014970059880239,-0.8590425531914894,0.1764705882352941,2635.0,6.0,0.723719165085389,0.7287530962129776,1.0,0.0064516129032258,0.2140417457305503,0.4504743833017078,0.0003795066413662,0.4318785578747628,6.0,0.1571157495256167,0.4121442125237192,0.1946869070208728,0.2352941176470588,0.7548387096774194,0.0948766603415559,0.0584440227703984,0.0603415559772296,0.0314990512333965,0.0607210626185958,0.1347248576850095,0.8045540796963947,0.17457305502846301,0.4011385199240986,1.0,308.0,34.95442461071022,35.851976005415494,156.0,9.942380183091007,13.075848745273182,0.7047438330170778,52.0,22.33,5700.0,251.4894096439837,246.89986598390539,1208.0,95.0,4491.0,1027.9908940397352,660.0321619161754,-18.0,250.0,4.3741721854304645,22.25920351197961,0.6597682119205298,0.7417218543046358,23.0,293.0,154.40149006622514,42.90625102745581,0.1498344370860927,17.222222222,100.0,89.13746276689564,14.512536222633278,0.1995033112582781,0.2210264900662251,0.0827814569536423,0.0877483443708609,0.0960264900662251,0.0736754966887417,0.048841059602649,0.0273178807947019,0.0,0.0480132450331125,0.0306291390728476,0.0173841059602649,0.0206953642384105,0.0107615894039735,0.0049668874172185,0.0057947019867549,0.0057947019867549,0.0140728476821192,0.1639072847682119,0.064569536423841,0.0612582781456953,0.0322847682119205,0.043046357615893996,0.0380794701986755,0.0273178807947019,0.0206953642384105,0.0364238410596026,0.0107615894039735,0.3187086092715231,0.0769867549668874,0.0662251655629139,0.064569536423841,0.043046357615893996,0.0231788079470198,0.0447019867549668,0.0240066225165562,0.021523178807946998,0.0107615894039735
2021-06-30,0.4720306513409961,0.2363356428021555,0.2495511669658887,-0.0572312451662799,0.2162162162162162,0.2311827956989247,0.1465848042977743,-0.1089374760260836,0.2164552095347943,0.30296039984621304,-0.1178766588602654,0.3625866050808314,-0.0068126520681265,0.2839031886285055,-0.1360799001248439,0.3068619892058596,-0.2297410192147034,-0.4970917225950783,-0.0236460717009916,-0.8504464285714286,-0.2222222222222222,2610.0,8.0,0.7923371647509578,0.7661501832002106,1.0,0.0053639846743295,0.2206896551724138,0.4486590038314176,0.0007662835249042,0.3957854406130268,1.0,0.1724137931034483,0.4180076628352489,0.1896551724137931,0.2199233716475095,0.7701149425287356,0.0831417624521072,0.064367816091954,0.0590038314176245,0.0233716475095785,0.0490421455938697,0.0977011494252873,0.8532567049808429,0.1739463601532567,0.3950191570881226,1.0,321.0,40.67969348659004,39.80881015487204,307.0,9.346960167714883,12.878446532529788,0.7310344827586207,36.0,22.33,8778.0,256.1083987370321,310.11002919004227,1213.0,95.0,4491.0,1021.7287716405606,645.6449290393922,-16.0,458.0,9.093981863149217,36.68415371409221,0.6059356966199505,0.6727122835943941,32.0,293.0,160.15086562242374,40.85573297781313,0.1525144270403957,26.515151515,100.0,92.06920781760252,11.054426189382584,0.2019785655399835,0.2085737840065952,0.0873866446826051,0.0931574608408903,0.0849134377576257,0.0733718054410552,0.0577081615828524,0.032151690024732005,0.0,0.0486397361912613,0.0288540807914262,0.0164880461665292,0.0206100577081615,0.010717230008244,0.0074196207749381,0.0041220115416323,0.0082440230832646,0.0115416323165704,0.1508656224237428,0.0684253915910964,0.0560593569661995,0.0313272877164056,0.0502885408079142,0.0403957131079967,0.0288540807914262,0.0239076669414674,0.0305028854080791,0.0123660346248969,0.3223413025556471,0.0799670239076669,0.0684253915910964,0.0676009892827699,0.0436933223413025,0.0255564715581203,0.0362737015663643,0.0288540807914262,0.0197856553998351,0.0123660346248969
2021-07-01,0.4547406082289803,0.2118155619596541,0.2662144976685036,-0.0562409288824383,0.2007945106536655,0.2613227893601725,0.1355627472132326,-0.1500897666068222,0.2141573841178584,0.349605168700646,-0.1618075801749271,0.3406395975565936,-0.0139860139860139,0.2666187567373338,-0.3288135593220339,0.3360891445003594,-0.2473895582329317,-0.47573656845753903,-0.0089020771513353,-0.8148936170212766,0.3571428571428571,2795.0,5.0,0.7631484794275492,0.7142090682656775,1.0,0.0082289803220035,0.2293381037567084,0.4275491949910555,0.0,0.3971377459749552,6.0,0.132737030411449,0.4636851520572451,0.2,0.2035778175313059,0.8075134168157424,0.0790697674418604,0.0550983899821109,0.0440071556350626,0.0143112701252236,0.0246869409660107,0.0590339892665474,0.916279069767442,0.1856887298747764,0.3728085867620751,1.0,331.0,39.0443649373882,36.109644226125404,160.0,7.303350160624138,8.16002950465921,0.7796064400715563,46.0,17.98,6086.5,276.13632775632783,258.93623254719745,1374.0,95.0,4491.0,1038.2379912663755,661.6360624089435,-17.0,456.0,9.982532751091703,39.09742421598712,0.6040756914119361,0.6877729257641921,14.0,293.0,161.80422125181948,39.68826391312093,0.1491994177583697,10.606060606,100.0,93.35732293498978,10.617920161674538,0.2074235807860262,0.2205240174672489,0.0858806404657933,0.0924308588064046,0.0917030567685589,0.0684133915574963,0.0487627365356623,0.0298398835516739,0.0,0.0414847161572052,0.0298398835516739,0.0116448326055312,0.0211062590975254,0.0116448326055312,0.0087336244541484,0.0029112081513828,0.0043668122270742,0.0181950509461426,0.1652110625909752,0.0662299854439592,0.0647743813682678,0.032023289665211,0.0407569141193595,0.0422125181950509,0.0240174672489082,0.019650655021834,0.0305676855895196,0.0101892285298398,0.3064046579330422,0.07423580786026203,0.0684133915574963,0.0676855895196506,0.0429403202328966,0.0254730713245997,0.0429403202328966,0.0283842794759825,0.0203784570596797,0.0160116448326055
2021-07-02,0.5073115860517435,0.2515037593984962,0.2778020061055385,0.0090840272520817,0.255656108597285,0.289206468597217,0.1785714285714285,-0.0818625610214044,0.2686959789552799,0.3704819277108434,-0.1125143513203214,0.3878856282919488,0.0415057915057915,0.3319533308242378,-0.2398239823982398,0.3598642021878536,-0.1860816944024205,-0.4027653880463872,0.067618332081142,-0.7604651162790698,0.2,2667.0,5.0,0.7285339332583427,0.7327558909204079,1.0,0.0067491563554555,0.2092238470191226,0.4611923509561305,0.0007499062617172,0.3715785526809149,8.0,0.134233220847394,0.4833145856767904,0.1938507686539182,0.1882264716910386,0.8083989501312336,0.0873640794900637,0.0457442819647544,0.0434945631796025,0.0149981252343457,0.0254968128983877,0.0509936257967754,0.9235095613048367,0.1739782527184102,0.3502062242219722,1.0,289.0,35.68616422947132,34.77154202550172,115.0,6.2901655306718585,6.8784259087973885,0.7701537307836519,49.0,25.81,7664.0,262.4390663716814,252.2032716533201,1316.0,95.0,3963.0,1012.6048632218843,644.9542091971509,-20.0,303.0,7.227963525835865,24.75328623483685,0.6003039513677811,0.6717325227963525,33.0,293.0,163.77507598784194,37.90419604662508,0.1876899696048632,25.0,100.0,94.70809974210856,9.170694449873725,0.2059270516717325,0.2234042553191489,0.0889057750759878,0.0820668693009118,0.0866261398176291,0.0767477203647416,0.0493920972644376,0.0273556231003039,0.0,0.0531914893617021,0.0296352583586626,0.0182370820668693,0.019756838905775002,0.0091185410334346,0.0030395136778115,0.0030395136778115,0.0045592705167173,0.0121580547112462,0.175531914893617,0.0645896656534954,0.0653495440729483,0.0326747720364741,0.0395136778115501,0.0425531914893617,0.0296352583586626,0.0174772036474164,0.0281155015197568,0.0083586626139817,0.2986322188449848,0.0775075987841945,0.0721884498480243,0.0683890577507598,0.0379939209726443,0.0227963525835866,0.0417933130699088,0.0311550151975683,0.0212765957446808,0.0136778115501519
2021-07-03,0.520924149956408,0.256140350877193,0.2838317283324886,0.0259911894273127,0.2692982456140351,0.27391874180865,0.1770376862401402,-0.0836618484450284,0.3095446584938704,0.3642326191517271,-0.1247216035634743,0.422251423565484,0.0178372352285395,0.3340649692712906,-0.2701298701298701,0.3653088042049934,-0.19144981412639397,-0.4189463019250253,0.0346283783783783,-0.7950310559006211,0.5,2294.0,4.0,0.7428073234524848,0.7033209866826916,1.0,0.011333914559721001,0.2153443766346992,0.4367916303400174,0.0004359197907585,0.4006102877070619,8.0,0.1665213600697471,0.4311246730601569,0.1896251089799477,0.2122929380993897,0.8326068003487358,0.0745422842197035,0.0405405405405405,0.036617262423714,0.015693112467306,0.0231037489102005,0.0440278988666085,0.932868352223191,0.1983435047951177,0.3269398430688753,1.0,325.0,36.75065387968614,37.06854939926453,104.0,7.467157765500307,7.790306651701957,0.7101133391455972,36.0,25.56,2620.57,249.8917721518988,185.5282257254392,1100.0,95.0,4491.0,1035.4845454545457,646.0060234165868,-16.0,387.0,8.187272727272727,39.09684927367503,0.66,0.7509090909090909,44.0,293.0,157.67181818181817,38.54008379032975,0.16,23.036649215,100.0,91.58444212233988,10.94727775778208,0.2163636363636363,0.2036363636363636,0.0854545454545454,0.09,0.0863636363636363,0.0645454545454545,0.0545454545454545,0.0336363636363636,0.0,0.0572727272727272,0.0263636363636363,0.0145454545454545,0.0181818181818181,0.0145454545454545,0.0045454545454545,0.0027272727272727,0.0045454545454545,0.0127272727272727,0.1581818181818181,0.0663636363636363,0.05909090909090901,0.0345454545454545,0.0381818181818181,0.0427272727272727,0.0254545454545454,0.0209090909090909,0.0318181818181818,0.009090909090909,0.3136363636363636,0.0772727272727272,0.0827272727272727,0.0663636363636363,0.0318181818181818,0.0272727272727272,0.0418181818181818,0.0236363636363636,0.0218181818181818,0.0109090909090909
2021-07-04,0.5749548464780253,0.2820823244552058,0.3526466380543633,0.1008505467800729,0.3496969696969697,0.3305135951661631,0.1985515992757996,-0.0313441832429174,0.3661631419939577,0.448671497584541,-0.0097919216646266,0.5507859733978234,0.0431100846805234,0.3923821039903264,-0.1428571428571428,0.4081261370527592,-0.1943371943371943,-0.3917597765363128,0.0386869871043376,-0.765,0.2,1661.0,5.0,0.7670078266104756,0.7374786208452202,1.0,0.007826610475617,0.2113184828416616,0.4142083082480433,0.0006020469596628,0.4376881396748946,7.0,0.1962673088500903,0.4232390126429861,0.1745936183022275,0.2046959662853702,0.8422636965683323,0.0728476821192053,0.040939193257074,0.0319084888621312,0.012040939193257,0.0180614087898856,0.0439494280553883,0.9379891631547259,0.1914509331727874,0.349789283564118,1.0,317.0,37.103552077062005,35.37135343751568,288.0,9.538888888888893,14.278131157408586,0.6502107164358821,36.0,12.47,3432.0,227.4547080291971,193.33491567469952,934.0,95.0,4491.0,1060.1359743040684,655.9506537553917,-18.0,260.0,1.6755888650963595,19.818866352020045,0.7494646680942184,0.8725910064239829,27.0,304.0,146.22805139186298,43.39894972395128,0.1605995717344753,23.036649215,100.0,83.94970333575685,16.092345898567913,0.2119914346895074,0.2194860813704496,0.088865096359743,0.0770877944325481,0.0877944325481798,0.06959314775160601,0.0481798715203426,0.0299785867237687,0.0,0.0481798715203426,0.0310492505353319,0.0096359743040685,0.019271948608137,0.0149892933618843,0.0053533190578158,0.0042826552462526,0.006423982869379001,0.0160599571734475,0.1638115631691648,0.0620985010706638,0.0513918629550321,0.032119914346895,0.0331905781584582,0.0331905781584582,0.0310492505353319,0.0203426124197002,0.0353319057815845,0.0117773019271948,0.3062098501070663,0.0963597430406852,0.06959314775160601,0.0631691648822269,0.0364025695931477,0.0299785867237687,0.0535331905781584,0.0353319057815845,0.0235546038543897,0.0160599571734475
2021-07-05,0.5389030612244898,0.2573812580231066,0.3117647058823529,0.0662379421221864,0.3087291399229782,0.2931366260423348,0.1762820512820513,-0.0882917466410748,0.3045425463851567,0.416025641025641,-0.0998055735580038,0.5336754329698524,0.0158856235107227,0.3401797175866495,-0.1904761904761904,0.3684210526315789,-0.1713197969543147,-0.3971997052321297,0.0135802469135802,-0.8208955223880597,-0.2,1568.0,6.0,0.7455357142857143,0.7525615689924922,1.0,0.010204081632653,0.190688775510204,0.4891581632653061,0.0,0.3794642857142857,3.0,0.1071428571428571,0.4897959183673469,0.1938775510204081,0.2091836734693877,0.8105867346938775,0.0854591836734693,0.0433673469387755,0.0401785714285714,0.0204081632653061,0.0446428571428571,0.11798469387755099,0.8373724489795918,0.1715561224489795,0.3169642857142857,1.0,322.0,29.86662412252712,33.7971290017688,161.0,7.442115768463074,10.882403962294925,0.6390306122448979,19.0,31.63,3500.0,271.91345054945054,200.07552135943368,952.0,119.0,4491.0,1062.578781512605,674.6995593330666,-13.0,312.0,1.5882352941176472,18.000309269316908,0.7405462184873951,0.8634453781512605,45.0,296.0,160.04516806722685,37.343336374520135,0.1659663865546218,40.909090909,100.0,91.24862703155254,9.456475180427509,0.213235294117647,0.2247899159663865,0.0798319327731092,0.0934873949579832,0.07878151260504201,0.0756302521008403,0.0493697478991596,0.0262605042016806,0.0,0.0378151260504201,0.0336134453781512,0.0199579831932773,0.01890756302521,0.0126050420168067,0.0073529411764705,0.0021008403361344,0.0063025210084033,0.0136554621848739,0.1638655462184874,0.0630252100840336,0.0577731092436974,0.0346638655462184,0.0378151260504201,0.0430672268907563,0.0241596638655462,0.0178571428571428,0.0346638655462184,0.0105042016806722,0.3151260504201681,0.0798319327731092,0.0693277310924369,0.0661764705882353,0.0346638655462184,0.0262605042016806,0.0378151260504201,0.0357142857142857,0.0241596638655462,0.0126050420168067
2021-07-06,0.5142857142857142,0.2384823848238482,0.2580231065468549,-0.014697876973326003,0.2603036876355748,0.2766072393300918,0.1644131963223364,-0.1263498920086393,0.2778378378378378,0.3810037776578521,-0.1203958218801539,0.4424012979989183,-0.0063784549964564,0.3154471544715447,-0.2642201834862385,0.3588490770901194,-0.2296211251435132,-0.4563291139240506,0.0144927536231884,-0.8133802816901409,0.0,1855.0,4.0,0.7132075471698113,0.6847965292396356,1.0,0.0048517520215633,0.2016172506738544,0.4846361185983827,0.0016172506738544,0.3719676549865229,4.0,0.122911051212938,0.4636118598382749,0.2026954177897574,0.2102425876010781,0.7827493261455526,0.0878706199460916,0.0490566037735849,0.0587601078167115,0.0215633423180593,0.0711590296495956,0.1493261455525606,0.7795148247978436,0.1563342318059299,0.3617250673854447,1.0,325.0,29.83504043126685,29.70125907976616,238.0,7.859362859362857,11.226895911946738,0.693800539083558,25.0,31.63,4197.5,260.61589171974515,226.75814247191082,1036.0,95.0,4491.0,1064.603281853282,681.2470448981447,-26.0,357.0,5.655072463768116,30.254974827424487,0.7287644787644788,0.7750965250965249,24.0,304.0,154.1158301158301,40.314273858046185,0.165057915057915,15.0,100.0,88.83931491198544,11.046757181851858,0.2046332046332046,0.1988416988416988,0.1013513513513513,0.0926640926640926,0.0859073359073359,0.0598455598455598,0.0472972972972973,0.0299227799227799,0.0,0.0569498069498069,0.0337837837837837,0.0202702702702702,0.0125482625482625,0.0125482625482625,0.0067567567567567,0.0028957528957528,0.0048262548262548,0.0135135135135135,0.1428571428571428,0.0637065637065637,0.0598455598455598,0.0386100386100386,0.0463320463320463,0.0453667953667953,0.0279922779922779,0.0222007722007722,0.0366795366795366,0.0096525096525096,0.3069498069498069,0.0762548262548262,0.0752895752895752,0.0666023166023166,0.0415057915057915,0.025096525096525,0.0482625482625482,0.0279922779922779,0.0241312741312741,0.0096525096525096
2021-07-07,0.4921810699588477,0.2434782608695652,0.2836041358936484,-0.0149253731343283,0.2754763877381939,0.2721649484536082,0.1590251961999174,-0.0774618871034198,0.2770437654830718,0.3818181818181818,-0.0668896321070234,0.4448574969021066,-0.0257787325456498,0.2986798679867987,-0.3301630434782608,0.3348491112029764,-0.2601260126012601,-0.4557392996108949,-0.012965964343598,-0.7967914438502673,0.4285714285714285,2430.0,6.0,0.7646090534979424,0.7263086395273903,1.0,0.0086419753086419,0.2333333333333333,0.4292181069958847,0.0012345679012345,0.4082304526748971,1.0,0.1609053497942386,0.4275720164609053,0.1930041152263374,0.2185185185185185,0.8094650205761317,0.08271604938271601,0.0473251028806584,0.0432098765432098,0.0172839506172839,0.0353909465020576,0.1119341563786008,0.8526748971193415,0.1847736625514403,0.3637860082304526,1.0,311.0,38.47818930041152,37.35596653148479,154.0,8.476710753306499,11.150859203725311,0.7156378600823046,52.0,23.52,3925.0,252.4999309324124,233.25936878411304,1177.0,119.0,4491.0,1039.9532710280373,653.0039290218301,-18.0,496.0,7.719626168224299,38.47759172773488,0.6728971962616822,0.7816482582837723,47.0,306.0,154.19541206457097,40.29036885498022,0.1554800339847069,31.875,100.0,89.19317098714609,11.198054472227252,0.2005097706032285,0.2022090059473237,0.10280373831775699,0.0951571792693288,0.092608326253186,0.0586236193712829,0.0492778249787595,0.0229396771452846,0.0,0.0509770603228547,0.028037383177569996,0.0271877655055225,0.0135938827527612,0.0127442650807136,0.0084961767204757,0.0042480883602378,0.0042480883602378,0.0127442650807136,0.1563296516567544,0.0586236193712829,0.0586236193712829,0.0339847068819031,0.0348343245539507,0.0365335598980458,0.0246389124893797,0.0263381478334749,0.0331350892098555,0.0101954120645709,0.3288020390824129,0.0781648258283772,0.070518266779949,0.0628717077315208,0.0365335598980458,0.0195412064570943,0.0407816482582837,0.028037383177569996,0.0186915887850467,0.0135938827527612
2021-07-08,0.4724738675958188,0.1952247191011236,0.2213899292550978,-0.0584301302358324,0.1652051911609961,0.24057262569832397,0.1277116864940518,-0.1218575418994413,0.2126094570928196,0.3397413491786089,-0.1255764455480666,0.2965686274509804,-0.0246800731261425,0.2868162692847125,-0.3754266211604095,0.3308797756747283,-0.274294670846395,-0.5020644095788604,-0.0114285714285714,-0.8133047210300429,0.0588235294117647,2870.0,6.0,0.7289198606271777,0.7097144113544488,1.0,0.005574912891986,0.2331010452961672,0.4229965156794425,0.0006968641114982,0.3829268292682927,16.0,0.1498257839721254,0.4609756097560976,0.1996515679442508,0.1885017421602787,0.8170731707317073,0.0801393728222996,0.0442508710801393,0.0428571428571428,0.0156794425087108,0.0344947735191637,0.08397212543553999,0.8815331010452961,0.1613240418118467,0.3668989547038327,1.0,259.0,37.85988149180899,34.753804726140665,182.0,6.999085086916742,9.654109478671064,0.7616724738675958,33.0,22.33,2200.0,248.75506260434057,188.9570419078141,1322.0,95.0,4491.0,1028.805597579425,660.6134676954932,-14.0,438.0,12.145990922844176,42.47261952541201,0.6081694402420574,0.6527987897125568,30.0,293.0,156.99016641452346,40.663096447392256,0.1497730711043872,22.727272727,100.0,90.27721077773373,11.139838793928682,0.2118003025718608,0.2004538577912254,0.0877458396369137,0.0983358547655068,0.0816944024205748,0.0612708018154311,0.0521936459909228,0.0257186081694402,0.0,0.0537065052950075,0.0287443267776096,0.0234493192133131,0.0158850226928895,0.0121028744326777,0.0083207261724659,0.0037821482602118,0.0075642965204236,0.0151285930408472,0.1580937972768532,0.0627836611195158,0.0627836611195158,0.0287443267776096,0.0446293494704992,0.0416036308623298,0.0242057488653555,0.0257186081694402,0.0363086232980332,0.0098335854765506,0.3108925869894099,0.0771558245083207,0.0658093797276853,0.0711043872919818,0.0461422087745839,0.018910741301059,0.0438729198184568,0.0219364599092284,0.0166414523449319,0.0166414523449319
2021-07-09,0.435943702634428,0.2363636363636363,0.2219398559932232,-0.0954115076474872,0.1475826972010178,0.2322720694645441,0.1398044186888808,-0.118625678119349,0.2048498009410061,0.3264567499095186,-0.1429621462697537,0.2569771656397245,0.009510223490251999,0.3092820884699057,-0.3611111111111111,0.3187250996015936,-0.2521268368136117,-0.4774851316907391,-0.0178443968593861,-0.8336557059961315,0.5,2771.0,5.0,0.6755683868639479,0.7097403755222454,1.0,0.0075784915193071,0.2136412847347528,0.4511006856730422,0.0007217610970768,0.3713460844460484,10.0,0.1418260555756045,0.4684229520028871,0.1948754962107542,0.1941537351136773,0.7888848791050163,0.0894983760375315,0.0544929628293035,0.0505232767953807,0.0166005052327679,0.0440274269216889,0.0833634067123782,0.8726091663659329,0.1649224106820642,0.3554673403103572,1.0,325.0,36.427591188154565,36.63195588838434,106.0,6.252601702932829,6.9402531247911385,0.7629014796102489,35.0,1.0,3900.0,248.62750321199144,202.4329467184476,1320.0,106.0,4491.0,1030.9401515151517,670.9436771793188,-12.0,391.0,15.322727272727272,42.041501916353155,0.5643939393939394,0.6,47.0,293.0,159.0787878787879,38.963891509865604,0.1583333333333333,29.375,100.0,91.83871076657572,9.922059178428754,0.2242424242424242,0.2007575757575757,0.0856060606060606,0.0878787878787878,0.0871212121212121,0.0704545454545454,0.0507575757575757,0.0234848484848484,0.0,0.0492424242424242,0.0272727272727272,0.0174242424242424,0.0204545454545454,0.0128787878787878,0.0068181818181818,0.006060606060606,0.0037878787878787,0.0174242424242424,0.1795454545454545,0.0636363636363636,0.0666666666666666,0.034090909090909,0.0409090909090909,0.0386363636363636,0.028030303030303,0.0219696969696969,0.0272727272727272,0.0098484848484848,0.3007575757575758,0.0757575757575757,0.0643939393939393,0.0636363636363636,0.0431818181818181,0.0189393939393939,0.0401515151515151,0.0257575757575757,0.0242424242424242,0.0143939393939393
2021-07-10,0.4507726269315673,0.2276567363272565,0.2394514767932489,-0.0735294117647058,0.2043730477465417,0.2285841100754549,0.1605321507760532,-0.0837765957446808,0.2185283687943262,0.2812777284826974,-0.1488309352517985,0.3029359430604982,0.0438448566610455,0.30776053215077603,-0.3228021978021978,0.3195555555555555,-0.2614188532555879,-0.4754953076120959,-0.0042955326460481,-0.8421052631578947,0.2222222222222222,2265.0,8.0,0.7434878587196468,0.7358699707968417,1.0,0.0083885209713024,0.2114790286975717,0.4278145695364238,0.0022075055187637,0.4044150110375276,12.0,0.1479028697571744,0.4445916114790287,0.1951434878587196,0.2114790286975717,0.8136865342163355,0.0799116997792494,0.0459161147902869,0.047682119205297996,0.012803532008829999,0.025607064017659997,0.0847682119205298,0.8896247240618101,0.1823399558498896,0.3381898454746136,1.0,331.0,40.61810154525387,39.30480608945895,238.0,8.383780332056194,10.682832306244658,0.6913907284768211,57.0,31.63,6112.0,270.63732887287705,304.6883229134198,1158.0,95.0,4491.0,1040.4300518134714,664.8612437910759,-14.0,366.0,12.457685664939554,35.71743310079722,0.5449050086355786,0.6493955094991365,21.0,293.0,160.70898100172712,39.28304010548022,0.1528497409326424,19.090909091,100.0,92.4444611231882,9.62562295107551,0.2132987910189982,0.2020725388601036,0.0958549222797927,0.08117443868739199,0.0820379965457685,0.0699481865284974,0.0552677029360967,0.0293609671848013,0.0,0.0518134715025906,0.0302245250431778,0.0259067357512953,0.0172711571675302,0.0129533678756476,0.0086355785837651,0.0008635578583765,0.0017271157167529998,0.0129533678756476,0.1580310880829015,0.0630397236614853,0.0569948186528497,0.0319516407599309,0.0474956822107081,0.042314335060449,0.0215889464594127,0.0224525043177892,0.0293609671848013,0.0103626943005181,0.3065630397236615,0.0803108808290155,0.0613126079447323,0.0734024179620034,0.040587219343695996,0.0189982728842832,0.0414507772020725,0.0336787564766839,0.0233160621761658,0.0164075993091537
2021-07-11,0.3920034767492394,0.2005253940455341,0.2110045431600201,-0.1293141109654871,0.137478108581436,0.1839581517000872,0.1069402007856831,-0.154081187254474,0.163826998689384,0.2562091503267973,-0.207832665776591,0.2728066346573549,-0.0099228224917309,0.2824094281972937,-0.3830369357045143,0.2802101576182136,-0.2328519855595668,-0.5036458333333333,-0.0296108291032148,-0.8376623376623377,0.4210526315789473,2301.0,4.0,0.7283789656671013,0.702553372115178,1.0,0.0112994350282485,0.1912212081703607,0.4797913950456323,0.0017383746197305,0.3885267275097783,8.0,0.1142981312472837,0.5019556714471969,0.2012168622338113,0.1825293350717079,0.7766188613646241,0.0886571056062581,0.0578009561060408,0.0560625814863103,0.0208604954367666,0.074315514993481,0.1720990873533246,0.7535853976531942,0.1386353759235115,0.3563667970447631,1.0,325.0,34.25608695652174,35.63504638703195,237.0,6.880308880308879,9.69016925552554,0.6753585397653195,31.0,31.63,4613.54,270.0722729553437,242.02922395133962,1226.0,95.0,4491.0,1030.7504078303425,671.7536232175872,-21.0,343.0,10.713703099510603,32.412223818925234,0.5391517128874388,0.6182707993474714,60.0,294.0,165.3662316476346,37.82011733316085,0.1574225122349102,43.455497382,100.0,94.89404441536301,7.592576345386129,0.2096247960848287,0.2137030995106036,0.0954323001631321,0.0905383360522022,0.0831973898858075,0.0709624796084828,0.0383360522022838,0.0244698205546492,0.0,0.0464926590538336,0.0293637846655791,0.0236541598694942,0.0171288743882544,0.0146818923327895,0.0073409461663947,0.0016313213703099,0.0048939641109298,0.0179445350734094,0.1615008156606851,0.0570962479608482,0.0579119086460032,0.031810766721044,0.0424143556280587,0.0367047308319739,0.0277324632952691,0.0269168026101141,0.0367047308319739,0.0097879282218597,0.3230016313213703,0.0725938009787928,0.0734094616639478,0.0603588907014681,0.0367047308319739,0.0220228384991843,0.0367047308319739,0.0261011419249592,0.0236541598694942,0.0138662316476345
2021-07-12,0.4178049929345266,0.2039753904401325,0.2056583242655059,-0.059075750357312995,0.1284360189573459,0.2046313799621928,0.1167296786389414,-0.16162570888468802,0.1649338374291115,0.2983947119924457,-0.1534749034749034,0.249881908360888,-0.0494203782794386,0.2684659090909091,-0.3306055646481178,0.2883522727272727,-0.3088803088803089,-0.5185595567867036,-0.0841813135985199,-0.8661800486618005,0.2857142857142857,2123.0,14.0,0.7235044747998116,0.7762670548142292,1.0,0.0127178520960904,0.1954780970325011,0.4945831370701837,0.0004710315591144,0.3890720678285445,6.0,0.1144606688648139,0.5058878944889308,0.1917098445595854,0.1879415920866698,0.7621290626471974,0.08384361752237401,0.0635892604804521,0.0664154498351389,0.0240226095148374,0.1130475741874705,0.2138483278379651,0.6731040979745643,0.1328308996702779,0.3495054168629298,1.0,321.0,32.56806406029204,34.99618206416905,189.0,6.330916282135794,8.821592902455555,0.7145548751766369,33.0,23.41,15077.15,268.5841866812226,407.21799813117264,1132.0,95.0,4491.0,1043.8533568904593,663.1516701539542,-14.0,459.0,13.99469964664311,46.22412979431058,0.5706713780918727,0.6086572438162544,37.0,304.0,162.9231448763251,38.5622272453069,0.1572438162544169,30.625,100.0,92.51954528108996,9.398110467494119,0.2252650176678445,0.2067137809187279,0.0865724381625441,0.0901060070671378,0.0706713780918728,0.0812720848056537,0.0503533568904593,0.0282685512367491,0.0,0.0441696113074204,0.0265017667844522,0.0318021201413427,0.0106007067137809,0.0132508833922261,0.0061837455830388,0.0017667844522968,0.0079505300353356,0.0114840989399293,0.1598939929328622,0.0609540636042402,0.058303886925794995,0.0353356890459364,0.03886925795053,0.03886925795053,0.0291519434628975,0.0203180212014134,0.0309187279151943,0.0070671378091872,0.3242049469964664,0.0671378091872791,0.0662544169611307,0.0715547703180212,0.0415194346289752,0.0256183745583038,0.043286219081272,0.0335689045936395,0.0212014134275618,0.0123674911660777
2021-07-13,0.4764903442485306,0.2184199408534009,0.2541772151898734,-0.0393900889453621,0.1956797966963151,0.2478956228956229,0.1493479175431215,-0.1148506520824568,0.2286675073560319,0.3445519562473706,-0.1012875536480686,0.3965371621621621,-0.0354570637119113,0.2878213232195533,-0.3193863319386332,0.33178752107925796,-0.2698863636363636,-0.4899755501222494,-0.0459965928449744,-0.8424068767908309,-0.1818181818181818,2382.0,6.0,0.7191435768261965,0.7060984284905402,1.0,0.0079764903442485,0.2283795130142737,0.4357682619647355,0.0,0.4156171284634761,5.0,0.1561712846347607,0.4575986565910999,0.190176322418136,0.1960537363560033,0.8022670025188917,0.0869017632241813,0.0491183879093199,0.044080604534005,0.017632241813602,0.0562552476910159,0.1591099916036943,0.7846347607052897,0.1481947942905122,0.3694374475230898,1.0,280.0,36.12804366078925,33.54304152718348,182.0,7.7691867124856815,10.081501180035414,0.7329974811083123,35.0,22.05,2584.96,233.81502721425042,184.178931934885,1141.0,95.0,4491.0,1034.450482033304,661.3029446533741,-17.0,279.0,5.533742331288344,26.826406716115716,0.6581945661700263,0.7300613496932515,24.0,293.0,156.2497808939527,42.58026283205263,0.1875547765118317,12.060301508,100.0,89.60961702243367,13.467925695146866,0.2147239263803681,0.1980718667835232,0.0920245398773006,0.0920245398773006,0.0823838737949167,0.0709903593339176,0.0411919368974583,0.0245398773006134,0.0,0.0534618755477651,0.0271691498685363,0.0262927256792287,0.0175284837861524,0.0175284837861524,0.0087642418930762,0.0017528483786152,0.0061349693251533,0.0148992112182296,0.1524978089395267,0.0517090271691498,0.0639789658194566,0.0368098159509202,0.0429447852760736,0.0411919368974583,0.0254163014899211,0.0254163014899211,0.0350569675723049,0.0087642418930762,0.31989482909728306,0.0727432077125328,0.0692375109553023,0.0639789658194566,0.0368098159509202,0.0175284837861524,0.0455740578439964,0.0333041191936897,0.0210341805433829,0.0148992112182296
2021-07-14,0.5115830115830116,0.2365967365967366,0.2888270746407047,-0.0155884645362431,0.2543757292882147,0.2714949651432998,0.1523255813953488,-0.1022463206816421,0.2703646237393328,0.387984496124031,-0.1059944422389837,0.4494382022471911,0.00204394481349,0.3169123351435221,-0.3030690537084399,0.3518231186966641,-0.2491525423728813,-0.4720581553839164,-0.0212933753943217,-0.8377581120943953,0.1428571428571428,2590.0,6.0,0.7243243243243244,0.7045532999559238,1.0,0.0088803088803088,0.2355212355212355,0.4305019305019305,0.0003861003861003,0.4138996138996139,6.0,0.142084942084942,0.4853281853281853,0.1888030888030888,0.1837837837837838,0.8084942084942085,0.0888030888030888,0.044015444015443994,0.044015444015443994,0.0146718146718146,0.0459459459459459,0.1239382239382239,0.8301158301158301,0.1474903474903474,0.3725868725868725,1.0,324.0,39.532046332046335,37.616382245896375,304.0,8.057506361323155,13.256449488660321,0.7586872586872587,38.0,14.11,3253.43,243.27680478821358,194.79626032187332,1212.0,95.0,4491.0,1028.5775577557756,663.3496348028233,-16.0,593.0,4.253300330033003,25.92189941657581,0.6955445544554455,0.7673267326732673,31.0,293.0,157.27062706270627,41.45333785227064,0.1732673267326732,25.477707006,100.0,90.37720854957331,12.29428118833927,0.2153465346534653,0.1988448844884488,0.1023102310231023,0.0783828382838283,0.0825082508250825,0.0734323432343234,0.0495049504950495,0.0231023102310231,0.0,0.0495049504950495,0.028052805280528,0.028052805280528,0.014026402640264,0.0115511551155115,0.0115511551155115,0.0016501650165016,0.0049504950495049,0.0206270627062706,0.1534653465346534,0.0602310231023102,0.0651815181518151,0.0305280528052805,0.047029702970297,0.0429042904290429,0.0214521452145214,0.0255775577557755,0.0272277227722772,0.0107260726072607,0.3127062706270627,0.0849834983498349,0.0726072607260726,0.0684818481848184,0.0313531353135313,0.0214521452145214,0.0429042904290429,0.0305280528052805,0.0222772277227722,0.0132013201320132
2021-07-15,0.4810038340885326,0.2150612959719789,0.2407559572719803,-0.033814723494188,0.2207428170988087,0.2525323087670276,0.1206715634837355,-0.1551904928346732,0.2262697022767075,0.3698390482855143,-0.1346909610575205,0.4295208114725428,-0.0472043996333638,0.2972309849281458,-0.3514180024660912,0.3446584938704028,-0.236822568671121,-0.474500203998368,-0.0085898353614889,-0.7982062780269058,-0.0666666666666666,2869.0,7.0,0.6866504008365284,0.7019843140058009,1.0,0.0080167305681422,0.2314395259672359,0.442662948762635,0.0003485535029627,0.393168351341931,4.0,0.1383757406761938,0.4893691181596375,0.1875217845939351,0.1843848030672708,0.8191007319623562,0.0773788776577204,0.0487974904147786,0.0428720808644126,0.0118508191007319,0.0404322063436737,0.0944579993028929,0.8651097943534333,0.1537120948065528,0.3457650749390031,1.0,331.0,39.471592889508536,37.54639591454447,96.0,6.433227704843821,7.125823149961128,0.7699546880446149,51.0,29.1,3294.0,248.29382705833683,196.17818349339058,1342.0,95.0,4491.0,1042.3941877794337,663.3261713522193,-16.0,407.0,4.597615499254844,28.29440294754053,0.7064083457526079,0.8025335320417287,34.0,294.0,161.40461997019375,40.59482497293571,0.1706408345752608,17.085427136,100.0,92.22231130907517,10.535396680006636,0.2153502235469448,0.184053651266766,0.1013412816691505,0.0901639344262295,0.0834575260804769,0.0789865871833084,0.0476900149031296,0.0245901639344262,0.0,0.0454545454545454,0.0283159463487332,0.0268256333830104,0.0134128166915052,0.0141579731743666,0.0104321907600596,0.0014903129657228,0.007451564828614,0.0134128166915052,0.1721311475409836,0.0566318926974664,0.0618479880774962,0.0327868852459016,0.0424739195230998,0.0476900149031296,0.0245901639344262,0.0208643815201192,0.0238450074515648,0.0096870342771982,0.319672131147541,0.07451564828614,0.0685543964232488,0.0625931445603576,0.0394932935916542,0.0201192250372578,0.0476900149031296,0.0305514157973174,0.0193740685543964,0.0126676602086438
2021-07-16,0.4865156418554476,0.2302132273220093,0.2612765957446809,-0.0127087872185911,0.2227453821079319,0.2421508480692889,0.1394005055976886,-0.1218018018018018,0.2276834116371521,0.3661616161616162,-0.1056493030080704,0.4024522178146412,0.0028721876495931,0.3291184971098266,-0.3127962085308057,0.3393697935530604,-0.2534775888717156,-0.4562737642585551,0.0376383763837638,-0.8223684210526315,0.4285714285714285,2781.0,5.0,0.6774541531823085,0.71813015979313,1.0,0.0064724919093851,0.2110751528227256,0.4494786048184106,0.0003595828838547,0.3455591513843941,3.0,0.1168644372527867,0.4868752247393024,0.2067601582164689,0.1884214311398777,0.79467817331895,0.0866594750089895,0.0521395181589356,0.0510607695073714,0.0154620640057533,0.0406328658755843,0.0783890686803308,0.8809780654440849,0.1643293779216109,0.3764832793959007,1.0,319.0,38.43725278676735,35.67182704634293,174.0,5.987551867219918,7.3476112511466845,0.7799352750809061,35.0,16.75,2325.0,249.4902823631625,183.93460001579655,1314.0,95.0,4491.0,1037.7039573820396,672.2875068605306,-15.0,395.0,7.532724505327245,33.16651304930033,0.6316590563165906,0.7511415525114156,38.0,293.0,162.0441400304414,37.783741873262684,0.1575342465753424,19.895287958,100.0,93.16676120346105,8.36877847220376,0.2199391171993911,0.2016742770167427,0.0989345509893455,0.0920852359208523,0.0837138508371385,0.0715372907153729,0.045662100456620995,0.0243531202435312,0.0,0.047945205479452004,0.0281582952815829,0.0243531202435312,0.0129375951293759,0.0114155251141552,0.0076103500761035,0.002283105022831,0.0030441400304414,0.0129375951293759,0.1803652968036529,0.0646879756468797,0.0646879756468797,0.0319634703196347,0.0418569254185692,0.0388127853881278,0.0251141552511415,0.0213089802130898,0.032724505327244996,0.0083713850837138,0.2998477929984779,0.0730593607305936,0.0646879756468797,0.0654490106544901,0.0441400304414003,0.0197869101978691,0.0441400304414003,0.0296803652968036,0.0167427701674277,0.0167427701674277
2021-07-17,0.4915038232795242,0.2221272960273387,0.2550301810865191,-0.023972602739726002,0.2141941000427533,0.2392507449978714,0.1415778251599147,-0.0923011484474691,0.2489361702127659,0.3319167020824479,-0.1161987041036717,0.3925831202046035,-0.0172126596335369,0.3006396588486141,-0.3501896333754741,0.3391638225255973,-0.2270114942528735,-0.4562962962962963,0.0033250207813798,-0.813953488372093,-0.0666666666666666,2354.0,6.0,0.7926932880203909,0.7291030778655205,1.0,0.0114698385726423,0.2209005947323704,0.4163126593033135,0.0,0.3954970263381478,8.0,0.1380628717077315,0.47578589634664403,0.17926932880203894,0.2064570943075616,0.8156329651656754,0.0747663551401869,0.0471537807986406,0.04418011894647402,0.0182667799490229,0.0229396771452846,0.0747663551401869,0.9022939677145284,0.17926932880203894,0.3415463041631266,1.0,324.0,42.919286321155475,39.218072759120396,124.0,7.647761194029852,7.290366923770058,0.7115548003398471,58.0,12.27,3850.34,256.9053411405295,227.8001494259557,1172.0,95.0,4491.0,1046.1262798634814,674.3125488875121,-16.0,572.0,8.471843003412971,39.21133341911232,0.6407849829351536,0.7619453924914675,36.0,293.0,161.169795221843,38.76480142922203,0.1587030716723549,32.727272727,100.0,92.87612928053908,8.988521074928332,0.2175767918088737,0.2133105802047781,0.09129692832764501,0.0844709897610921,0.09129692832764501,0.0648464163822525,0.0392491467576791,0.023037542662116002,0.0,0.0537542662116041,0.0290102389078498,0.023037542662116002,0.0119453924914675,0.0170648464163822,0.0085324232081911,0.0034129692832764,0.0051194539249146,0.0127986348122866,0.167235494880546,0.0614334470989761,0.0588737201365187,0.0366894197952218,0.0435153583617747,0.0358361774744027,0.0273037542662116,0.0238907849829351,0.0315699658703071,0.0085324232081911,0.3071672354948805,0.0699658703071672,0.0656996587030716,0.0665529010238907,0.0401023890784982,0.0196245733788395,0.0409556313993174,0.0315699658703071,0.0187713310580204,0.015358361774744
2021-07-18,0.4452662721893491,0.2350024789291026,0.2648741418764302,-0.0847457627118644,0.1709870388833499,0.1924789708065314,0.1377601585728444,-0.1037549407114624,0.1871287128712871,0.2864918357248887,-0.1459486663311525,0.3042616451932606,0.0247305009511731,0.2968827313211281,-0.2880794701986754,0.30516898608349896,-0.2123076923076923,-0.4695752009184845,-0.0156862745098039,-0.8784530386740331,0.0,2028.0,4.0,0.7529585798816568,0.6850407528130409,1.0,0.0083826429980276,0.1799802761341223,0.4866863905325443,0.0,0.3964497041420118,4.0,0.1104536489151873,0.4975345167652861,0.1923076923076923,0.1997041420118343,0.7731755424063116,0.0946745562130177,0.0512820512820512,0.0596646942800788,0.0212031558185404,0.0636094674556213,0.1696252465483234,0.7667652859960552,0.1439842209072978,0.3510848126232742,1.0,319.0,35.13954635108481,34.55858448218409,177.0,6.994134897360704,9.787393372272764,0.6725838264299803,33.0,21.84,6293.01,280.7364171428571,281.5709897367136,1143.0,95.0,4491.0,1049.339457567804,679.0129943447492,-16.0,315.0,12.375328083989501,35.509772516570784,0.5258092738407699,0.689413823272091,57.0,293.0,165.9370078740157,37.17035455762454,0.1749781277340332,39.375,100.0,95.23828313155808,6.9737932983632245,0.2222222222222222,0.2047244094488189,0.0971128608923884,0.0892388451443569,0.0769903762029746,0.0699912510936133,0.0481189851268591,0.0209973753280839,0.0,0.0463692038495188,0.0288713910761154,0.0227471566054243,0.0166229221347331,0.0148731408573928,0.0096237970253718,0.0026246719160104,0.0034995625546806,0.0148731408573928,0.1662292213473316,0.0612423447069116,0.0559930008748906,0.0323709536307961,0.0411198600174978,0.0446194225721784,0.0253718285214348,0.0244969378827646,0.0314960629921259,0.0122484689413823,0.3070866141732283,0.0804899387576553,0.0699912510936133,0.0629921259842519,0.0367454068241469,0.0236220472440944,0.0376202974628171,0.0271216097987751,0.0227471566054243,0.0122484689413823
2021-07-19,0.4637964774951076,0.2381889763779527,0.2663981588032221,-0.0547067520946278,0.20927936821322798,0.2442373712604217,0.1437007874015748,-0.1217476681394207,0.1865488463426607,0.3519882179675994,-0.1418616226978596,0.3328416912487709,-0.0173299101412066,0.284029484029484,-0.2570422535211267,0.3208661417322834,-0.2649746192893401,-0.4805797101449275,0.016,-0.8588588588588588,0.1666666666666666,2044.0,14.0,0.6937377690802349,0.7600782617574293,1.0,0.0083170254403131,0.2015655577299412,0.4936399217221135,0.0009784735812133,0.4031311154598825,13.0,0.1042074363992172,0.5004892367906066,0.2000978473581213,0.1942270058708415,0.7441291585127201,0.09735812133072401,0.0660469667318982,0.0645792563600782,0.0278864970645792,0.11154598825831698,0.2235812133072407,0.6648727984344422,0.1193737769080234,0.3268101761252446,1.0,229.0,29.88454011741683,30.831317166036097,245.0,6.073068893528184,8.583902136076611,0.7030332681017613,28.0,31.63,3850.0,266.645107913669,212.5058392305068,1106.0,106.0,4491.0,1030.3218806509951,663.588894030773,-17.0,270.0,8.70253164556962,26.648731140769637,0.5831826401446655,0.6690777576853526,34.0,304.0,161.33453887884266,39.98642553168197,0.1690777576853526,30.909090909,100.0,92.57156986705955,9.3214850750126,0.2070524412296564,0.2034358047016274,0.1003616636528029,0.0877034358047016,0.0913200723327305,0.0723327305605786,0.0424954792043399,0.0226039783001808,0.0,0.0479204339963833,0.0307414104882459,0.0262206148282097,0.0144665461121157,0.0135623869801084,0.0090415913200723,0.0045207956600361,0.0063291139240506,0.0108499095840868,0.1582278481012658,0.0605786618444846,0.0551537070524412,0.0298372513562386,0.0406871609403255,0.0424954792043399,0.0280289330922242,0.0253164556962025,0.0307414104882459,0.0108499095840868,0.3273056057866184,0.0741410488245931,0.062386980108498996,0.0750452079566003,0.0379746835443038,0.0216998191681736,0.0379746835443038,0.0343580470162748,0.0226039783001808,0.0135623869801084
2021-07-20,0.5361648444070648,0.24186046511627896,0.3055276381909548,-0.0293242668933276,0.2704189589504867,0.2795109612141652,0.1695487136229439,-0.0817186183656276,0.29245680573114197,0.4020227560050569,-0.0903253424657534,0.4601097509497678,0.0,0.3481012658227848,-0.3318250377073906,0.3892418466751376,-0.2333637192342753,-0.4788177339901477,0.0051903114186851,-0.8761609907120743,0.3636363636363636,2378.0,4.0,0.7388561816652649,0.7048213338633874,1.0,0.0109335576114381,0.2342304457527333,0.4575273338940286,0.0,0.4377628259041211,5.0,0.1341463414634146,0.4684608915054667,0.20100925147182505,0.1963835155592935,0.795206055508831,0.0870479394449117,0.0466778805719091,0.0492010092514718,0.0218671152228763,0.0580319596299411,0.1497056349873843,0.7922624053826746,0.1425567703952901,0.3650126156433978,1.0,315.0,40.15979814970564,40.021656299438746,149.0,7.604370327774582,8.93486875244527,0.731286795626577,27.0,28.81,6433.91,244.17919132149902,241.02026755935424,1149.0,95.0,3408.0,994.2393385552657,634.3053796227631,-16.0,249.0,3.0791993037423846,18.88706101866532,0.6962576153176675,0.741514360313316,34.0,293.0,155.56048738033073,42.68549442033669,0.1766753698868581,21.465968586,100.0,89.47000240171104,13.485012072779815,0.2114882506527415,0.1914708442123585,0.0922541340295909,0.0939947780678851,0.0922541340295909,0.0739773716275021,0.0496083550913838,0.0217580504786771,0.0,0.0435161009573542,0.0287206266318537,0.0243690165361183,0.0174064403829416,0.010443864229765,0.0087032201914708,0.0026109660574412,0.0095735422106179,0.0182767624020887,0.1436031331592689,0.0609225413402959,0.0574412532637075,0.0322019147084421,0.0487380330722367,0.0356832027850304,0.0278503046127067,0.0261096605744125,0.0295909486510008,0.010443864229765,0.3289817232375979,0.0731070496083551,0.0739773716275021,0.0678851174934725,0.0295909486510008,0.0234986945169712,0.04177545691906,0.031331592689294994,0.0200174064403829,0.0139251523063533
2021-07-21,0.5279307631785995,0.2559523809523809,0.2918233082706767,0.0334261838440111,0.2702060221870047,0.2697472353870458,0.188388625592417,-0.0988533017002767,0.2753852232319241,0.3726806158705092,-0.0776310524209683,0.4753257007500987,-0.0135487232933819,0.3521962801741195,-0.2924901185770751,0.3781645569620253,-0.2024326672458731,-0.4645161290322581,0.0081499592502037,-0.7720797720797721,0.0,2542.0,4.0,0.7568843430369787,0.688853893606087,1.0,0.008654602675059,0.2446892210857592,0.4402045633359559,0.0003933910306845,0.4307631785995279,4.0,0.1384736428009441,0.459874114870181,0.1935483870967742,0.2077104642014162,0.7832415420928402,0.0900865460267505,0.04720692368214,0.059795436664044015,0.019669551534224998,0.052714398111723,0.1290322580645161,0.8182533438237608,0.1628638867033831,0.3831628638867034,1.0,323.0,40.04720692368214,39.367921820497976,222.0,7.393188854489164,10.349104797263333,0.7623918174665618,40.0,31.63,3650.96,249.79532228360958,208.61739580456245,1228.0,95.0,4491.0,1030.7833876221498,651.1797734075559,-16.0,237.0,5.583061889250814,25.15012022679829,0.6636807817589576,0.7719869706840391,33.0,293.0,158.04804560260587,41.7887356022539,0.1742671009771987,27.748691099000002,100.0,90.99462480437843,11.917742341956115,0.2182410423452769,0.1962540716612378,0.0903908794788273,0.0903908794788273,0.0895765472312703,0.0618892508143322,0.0521172638436482,0.0252442996742671,0.0,0.0504885993485342,0.0268729641693811,0.024429967426709998,0.01628664495114,0.014657980456026001,0.0073289902280130005,0.002442996742671,0.0073289902280130005,0.014657980456026001,0.1482084690553746,0.0635179153094462,0.0635179153094462,0.0358306188925081,0.0537459283387622,0.0350162866449511,0.022801302931595997,0.0260586319218241,0.0317589576547231,0.009771986970684,0.3110749185667752,0.0814332247557003,0.0667752442996742,0.0708469055374592,0.0333876221498371,0.0268729641693811,0.0407166123778501,0.0293159609120521,0.019543973941368,0.017100977198697
2021-07-22,0.5122743682310469,0.2338651196519217,0.2508576329331046,-0.0083880379285193,0.2644598035649327,0.279651795429815,0.1422881969587255,-0.1339124140427072,0.2568940493468795,0.353645266594124,-0.1197648787656135,0.4638576098801307,-0.0341839191141068,0.3390076059398768,-0.2904820766378245,0.3541364296081277,-0.2532051282051282,-0.4675491033304867,-0.0215934475055845,-0.7914438502673797,0.3529411764705882,2770.0,15.0,0.6963898916967509,0.7339627372811338,1.0,0.0046931407942238,0.2321299638989169,0.4584837545126354,0.0003610108303249,0.3707581227436823,3.0,0.1306859205776173,0.4891696750902527,0.1851985559566787,0.1945848375451263,0.796028880866426,0.0870036101083032,0.0512635379061371,0.0501805054151624,0.0155234657039711,0.0371841155234657,0.0963898916967509,0.8664259927797834,0.1635379061371841,0.3722021660649819,1.0,331.0,39.87581227436823,36.35555964385411,121.0,6.2624080882352935,7.412544973223035,0.7855595667870036,29.0,31.63,2916.11,245.25392223161447,196.8754250209196,1303.0,95.0,4491.0,1034.892555640829,653.3245553489921,-20.0,311.0,3.8411358403683806,22.9098968934258,0.6968534151957022,0.7920184190330007,44.0,291.0,160.52264006139674,38.83478615965587,0.1765157329240214,29.444444444000002,100.0,92.2590326317429,9.44377369891699,0.2141212586339217,0.20491174213353797,0.0928626247122026,0.0882578664620107,0.0859554873369148,0.0636991557943208,0.0460475825019186,0.0268610897927858,0.0,0.0506523407521105,0.0276285495011511,0.0214888718342287,0.0161166538756715,0.0138142747505755,0.0053722179585571,0.0030698388334612,0.0076745970836531,0.0145817344589409,0.1772831926323868,0.0583269378357636,0.0660015349194167,0.0291634689178818,0.0491174213353798,0.0437452033768227,0.0283960092095165,0.0237912509593246,0.032233307751343,0.009976976208749001,0.3000767459708365,0.0729086722947045,0.0713737528779739,0.0683039140445126,0.044512663085187996,0.0184190330007674,0.0422102839600921,0.0268610897927858,0.0153491941673062,0.0145817344589409
2021-07-23,0.4791742122419413,0.2145719489981785,0.2709213863060017,-0.0455714810731348,0.2035010940919037,0.2455438341214987,0.1295487627365356,-0.1303239898070622,0.2406261376046596,0.3577413479052823,-0.1155127730470196,0.3877773735903965,0.0156176053005205,0.3181486880466472,-0.2867132867132867,0.3330898466033601,-0.225130890052356,-0.4494238156209987,-0.0045112781954887,-0.7752808988764045,0.0714285714285714,2761.0,6.0,0.6838102136906917,0.7068419038311079,1.0,0.0083303151032234,0.1955813111191597,0.4654110829409634,0.0010865628395508,0.3415429192321622,8.0,0.1336472292647591,0.4817095255342267,0.2010141253169141,0.1832669322709163,0.7964505613908004,0.0887359652299891,0.0496197030061571,0.0492575153929735,0.0159362549800796,0.0376675117710974,0.1006881564650488,0.8616443317638537,0.1492212966316552,0.3357479174212242,1.0,315.0,37.69347826086957,36.17343087604796,118.0,5.6126126126126135,5.643694089138454,0.7638536762042738,17.0,22.33,2250.0,246.0876422413793,189.0045585280257,1367.0,95.0,4491.0,1035.790782735918,660.0842708544683,-15.0,342.0,6.8910021945866875,29.454617539239344,0.6495976591075348,0.7264081931236284,41.0,293.0,161.8288222384784,37.9670229916575,0.1806876371616678,37.272727273,100.0,93.33245850927356,7.792893310014644,0.212874908558888,0.19897585954645197,0.0936356986100951,0.0907095830285296,0.0863204096561814,0.0768105340160936,0.0460863204096561,0.0248719824433065,0.0,0.0541331382589612,0.029992684711046,0.0212143379663496,0.0146305779078273,0.0124359912216532,0.0095098756400877,0.0021945866861741,0.0029261155815654,0.0153621068032187,0.1682516459400146,0.0621799561082662,0.0607168983174835,0.0329188002926115,0.0475493782004389,0.0424286759326993,0.0241404535479151,0.021945866861741003,0.0373079736649597,0.0095098756400877,0.2955376737381127,0.0782735918068763,0.0687637161667885,0.0694952450621799,0.0402340892465252,0.0197512801755669,0.0351133869787856,0.0314557425018288,0.0175566934893928,0.0153621068032187
2021-07-24,0.4902378416755413,0.2491978609625668,0.27157894736842103,-0.017921146953405,0.2720772255988559,0.2596153846153846,0.16143977191732,-0.0769230769230769,0.2621082621082621,0.3365384615384615,-0.0812477330431628,0.4468616262482168,0.031867145421903,0.3313102463405926,-0.2523809523809524,0.3526052819414704,-0.1928181108508977,-0.4204081632653061,0.0028797696184305,-0.8029661016949152,0.4666666666666667,2817.0,13.0,0.7870074547390842,0.7457751441556841,1.0,0.0127795527156549,0.2239971600993965,0.4341498047568335,0.0010649627263045,0.4110756123535676,7.0,0.1515796947106851,0.4568690095846645,0.18991835285765,0.2016329428470003,0.8090166844160455,0.0830670926517571,0.0436634717784877,0.0500532481363152,0.0141995030173943,0.030173943911962996,0.0795172168974086,0.8903088391906283,0.1714589989350372,0.36208732694355705,1.0,320.0,45.360667376641814,43.964133278109294,245.0,8.125256673511293,9.95210506161915,0.6915157969471069,49.0,21.13,2995.38,253.0545188639253,211.79847484959086,1386.0,95.0,4491.0,1044.5057720057719,676.8790038753141,-16.0,491.0,7.745310245310245,31.751415949740352,0.6212121212121212,0.7640692640692641,44.0,293.0,162.23809523809524,38.18219129149775,0.1587301587301587,31.847133758000002,100.0,93.70297986188585,8.248707675838007,0.2092352092352092,0.2005772005772005,0.1053391053391053,0.0901875901875901,0.0916305916305916,0.0670995670995671,0.0454545454545454,0.0194805194805194,0.0,0.0447330447330447,0.0245310245310245,0.0259740259740259,0.0202020202020202,0.0129870129870129,0.0079365079365079,0.0036075036075036,0.0043290043290043,0.0144300144300144,0.17604617604617606,0.0613275613275613,0.0577200577200577,0.0324675324675324,0.0418470418470418,0.0389610389610389,0.0252525252525252,0.023088023088022998,0.0346320346320346,0.0093795093795093,0.3037518037518038,0.075036075036075,0.0656565656565656,0.0663780663780663,0.0389610389610389,0.0238095238095238,0.0404040404040404,0.0317460317460317,0.0194805194805194,0.0122655122655122
2021-07-25,0.4793863854266539,0.2058823529411764,0.2506963788300835,-0.0488630865989356,0.2113899613899613,0.2150744119059049,0.1298701298701298,-0.1263815473330129,0.2453192510801728,0.3341334613538166,-0.1589014222658165,0.3932692307692307,-0.0109957238851557,0.302068302068302,-0.3312101910828025,0.3320500481231954,-0.2252427184466019,-0.4955357142857143,-0.0307539682539682,-0.8515406162464986,-0.1,2086.0,5.0,0.7435282837967402,0.7335036749506225,1.0,0.0076701821668264,0.1754554170661553,0.5047938638542665,0.0,0.3921380632790028,3.0,0.0992329817833173,0.4956855225311601,0.1955896452540748,0.20901246404602106,0.7540747842761265,0.0915627996164908,0.0618408437200383,0.0627996164908916,0.0297219558964525,0.0560882070949185,0.1682646212847555,0.7756471716203259,0.1548418024928092,0.3499520613614573,1.0,327.0,35.184172661870505,36.82433058823362,105.0,6.452554744525548,6.4559764475034225,0.6567593480345159,25.0,31.0,2636.15,272.0357956448911,211.29795855449424,1140.0,95.0,4491.0,1038.2140350877194,669.395249313023,-12.0,357.0,7.15,28.2767793621808,0.6,0.7070175438596491,44.0,293.0,164.34912280701755,37.13912160952327,0.1692982456140351,40.0,100.0,94.69172417196744,7.208327882004192,0.2166666666666666,0.2166666666666666,0.0982456140350877,0.0921052631578947,0.0859649122807017,0.0666666666666666,0.0385964912280701,0.0219298245614035,0.0,0.0473684210526315,0.0289473684210526,0.019298245614035,0.0122807017543859,0.0131578947368421,0.0087719298245614,0.0043859649122807,0.0052631578947368,0.0157894736842105,0.1587719298245614,0.0701754385964912,0.0605263157894736,0.031578947368421,0.0394736842105263,0.037719298245614,0.0263157894736842,0.0219298245614035,0.0289473684210526,0.0105263157894736,0.306140350877193,0.0728070175438596,0.075438596491228,0.0710526315789473,0.0403508771929824,0.025438596491227997,0.0421052631578947,0.0236842105263157,0.0184210526315789,0.0149122807017543
2021-07-26,0.4515081206496519,0.2069126576366184,0.2371413102328099,-0.0575573233504913,0.2036431574030826,0.2341121495327102,0.1237739374124241,-0.1435897435897435,0.2091290172333488,0.3737185461323392,-0.131155303030303,0.3672421838544097,-0.0133495145631067,0.2985074626865671,-0.2394366197183098,0.3263009845288326,-0.2773029439696106,-0.4779735682819383,-0.0183397683397683,-0.8537859007832899,0.3333333333333333,2155.0,6.0,0.6802784222737819,0.7109411004790354,1.0,0.0088167053364269,0.1907192575406032,0.4932714617169373,0.0004640371229698,0.4013921113689095,6.0,0.1030162412993039,0.5020881670533642,0.205568445475638,0.1893271461716937,0.728538283062645,0.1006960556844547,0.0668213457076566,0.0672853828306264,0.0366589327146171,0.1183294663573085,0.2139211136890951,0.6677494199535963,0.1183294663573085,0.3587006960556844,1.0,315.0,31.92436194895593,33.58022773873039,88.0,5.69342105263158,6.2333984493314665,0.7053364269141531,25.0,31.63,2925.0,254.79535263157902,193.9988931485063,1202.0,95.0,4491.0,1026.3485856905158,654.0739561920266,-12.0,404.0,9.104825291181363,40.208933850285185,0.668053244592346,0.7163061564059899,29.0,302.0,160.26372712146426,39.98431622689037,0.1589018302828619,22.727272727,100.0,91.7921909347904,10.081464097578728,0.21381031613976692,0.1963394342762063,0.0915141430948419,0.0881863560732113,0.084026622296173,0.0682196339434276,0.0482529118136439,0.0274542429284525,0.0,0.0524126455906822,0.0274542429284525,0.0307820299500831,0.0149750415973377,0.0116472545757071,0.0058236272878535,0.0008319467554076,0.0108153078202995,0.0149750415973377,0.1572379367720466,0.05990016638935099,0.0615640599001663,0.0341098169717138,0.0449251247920133,0.038269550748752,0.0291181364392678,0.0266222961730449,0.0374376039933444,0.0108153078202995,0.3153078202995008,0.0765391014975041,0.0740432612312812,0.0640599001663893,0.0424292845257903,0.0257903494176372,0.038269550748752,0.0349417637271214,0.0183028286189683,0.0133111480865224
2021-07-27,0.4588528678304239,0.2255230125523012,0.2235576923076923,-0.0713985720285594,0.1898575020955574,0.253955037468776,0.1433930804501876,-0.0927234927234927,0.2485428809325562,0.3684429641965029,-0.1118197278911564,0.3169307756463719,-0.0107874865156418,0.3159866777685262,-0.3689567430025445,0.3683110367892976,-0.2286719437115215,-0.4534769833496572,-0.0024370430544272,-0.8242009132420092,0.5714285714285714,2406.0,5.0,0.7078137988362427,0.6985560100682294,1.0,0.0087281795511221,0.2111388196176226,0.4580216126350789,0.0024937655860349,0.4201995012468827,10.0,0.1384039900249376,0.4546965918536991,0.19866999168744798,0.2082294264339152,0.772236076475478,0.0918536990856192,0.0602660016625103,0.0498753117206982,0.025768911055694,0.0748129675810473,0.1492103075644222,0.7759767248545303,0.1508728179551122,0.3615960099750623,1.0,326.0,38.6026600166251,40.298058655261656,224.0,7.993177942012508,11.588162287283465,0.7310889443059019,29.0,25.92,5325.0,243.41382086707958,267.66711106152223,1208.0,95.0,4491.0,1016.364238410596,655.7157550311762,-19.0,441.0,13.816225165562914,43.471302059210025,0.6100993377483444,0.6630794701986755,0.0,293.0,154.4817880794702,42.512687314678345,0.1705298013245033,0.0,100.0,88.9751129424976,13.962402695469887,0.2135761589403973,0.2044701986754966,0.0935430463576159,0.0869205298013245,0.0894039735099337,0.0620860927152317,0.0496688741721854,0.0231788079470198,0.0,0.0463576158940397,0.0306291390728476,0.0198675496688741,0.0165562913907284,0.0124172185430463,0.0057947019867549,0.0024834437086092,0.0091059602649006,0.0198675496688741,0.1564569536423841,0.0554635761589403,0.0571192052980132,0.0355960264900662,0.0529801324503311,0.0355960264900662,0.0248344370860927,0.0264900662251655,0.0322847682119205,0.0107615894039735,0.3245033112582781,0.0711920529801324,0.070364238410596,0.0678807947019867,0.0355960264900662,0.0223509933774834,0.0422185430463576,0.0256622516556291,0.021523178807946998,0.0132450331125827
2021-07-28,0.4963621665319321,0.2201946472019464,0.2802486848397896,-0.0151453131395824,0.2464474218432805,0.2726533929297033,0.1280388978930308,-0.1066072152411836,0.2705882352941176,0.38798701298701294,-0.0892561983471074,0.4187930336168489,-0.0149572649572649,0.3150629313844905,-0.3324675324675324,0.3531084924827306,-0.2515611061552185,-0.4881178707224334,-0.0439739413680781,-0.8598901098901099,0.0,2474.0,9.0,0.746160064672595,0.7235254594154346,1.0,0.0056588520614389,0.2279708973322554,0.4361358124494745,0.0,0.4211802748585287,4.0,0.1285367825383993,0.4644300727566693,0.2065481002425222,0.20048504446240892,0.7534357316087308,0.0881164106709781,0.0634599838318512,0.0679062247372675,0.0270816491511721,0.0606305578011317,0.1382376717865804,0.8011317704122878,0.1540016168148747,0.3839935327405012,1.0,282.0,39.4842360549717,36.91454095733325,165.0,7.234180638182801,9.159587972774132,0.7473726758286177,26.0,5.6,3450.0,238.27465909090907,203.71623886391941,1223.0,95.0,4491.0,1016.1684382665576,661.1142972246619,-106.0,298.0,6.138184791496321,27.819261874389724,0.6508585445625511,0.7130008176614882,43.0,293.0,156.85772690106296,40.81102154976245,0.1414554374488961,24.444444444000002,100.0,90.59384121067195,11.778690916637812,0.2191332788225674,0.2003270645952575,0.0997547015535568,0.0834014717906786,0.0907604251839738,0.0605069501226492,0.0425183973834832,0.0188062142273098,0.0,0.053147996729354004,0.0302534750613246,0.0228945216680294,0.0196238757154538,0.0130825838103025,0.0089942763695829,0.0024529844644317,0.0065412919051512,0.0179885527391659,0.1643499591169256,0.07113654946852001,0.0637775960752248,0.0286181520850367,0.0408830744071954,0.0367947669664758,0.026165167620604998,0.0228945216680294,0.0376124284546197,0.0089942763695829,0.321340964840556,0.0784955028618152,0.0654129190515126,0.0678659035159444,0.0310711365494685,0.0220768601798855,0.0408830744071954,0.0253475061324611,0.0188062142273098,0.0106295993458708
2021-07-29,0.5266034985422741,0.2291361639824304,0.2952789699570815,-0.0033173608551419,0.2398090341535071,0.2678636863319897,0.141185076810534,-0.1256850566313481,0.2597877789974387,0.3865300146412884,-0.0890461997019374,0.4201465201465201,-0.0269749518304431,0.32513761467889896,-0.29073856975380996,0.3506969919295671,-0.2897415818324197,-0.4578675838349097,0.0046153846153846,-0.8320987654320988,0.4,2744.0,5.0,0.7303206997084548,0.7109469835952201,1.0,0.0087463556851311,0.2303206997084548,0.4515306122448979,0.0,0.3629737609329446,5.0,0.1173469387755102,0.4723032069970845,0.2237609329446064,0.1865889212827988,0.7634839650145773,0.0925655976676384,0.0626822157434402,0.0572157434402332,0.0240524781341107,0.0488338192419825,0.1151603498542274,0.8360058309037901,0.1490524781341108,0.3760932944606414,1.0,330.0,37.477753464624364,35.96699885384994,124.0,6.186933714830711,6.439187116201495,0.7642128279883382,11.0,13.35,5452.45,245.38344164172725,224.57216408109485,1326.0,95.0,4491.0,1036.8778280542986,667.5456664235526,-14.0,390.0,6.615384615384616,33.45169252737891,0.696078431372549,0.7285067873303167,28.0,285.0,158.6674208144796,37.921053370641076,0.1553544494720965,17.834394904,100.0,90.74662204497349,10.061637854825788,0.226998491704374,0.198340874811463,0.0942684766214178,0.0980392156862745,0.0776772247360482,0.0656108597285067,0.0558069381598793,0.0233785822021116,0.0,0.0369532428355957,0.0271493212669683,0.0248868778280542,0.0150829562594268,0.0143288084464555,0.006787330316742,0.0037707390648567,0.006787330316742,0.0128205128205128,0.1568627450980392,0.0625942684766214,0.0671191553544494,0.0339366515837104,0.0414781297134238,0.0460030165912518,0.0248868778280542,0.0233785822021116,0.035444947209653,0.0105580693815987,0.3137254901960784,0.0746606334841629,0.0723981900452488,0.0625942684766214,0.0384615384615384,0.0233785822021116,0.0422322775263951,0.028657616892911,0.0196078431372549,0.0173453996983408
2021-07-30,0.510670731707317,0.2429667519181585,0.3146729522687095,-0.0041173443129181,0.254601226993865,0.2674834099030117,0.1629213483146067,-0.0929519918283963,0.2687404385517593,0.40244523688232303,-0.0866632070576024,0.4413265306122449,0.0607882431529726,0.3661034306195596,-0.2328767123287671,0.3946694003075346,-0.1993603411513859,-0.414721723518851,0.0277207392197125,-0.8282442748091603,0.6666666666666666,1968.0,7.0,0.7027439024390244,0.7296136907542643,1.0,0.0035569105691056,0.2123983739837398,0.4695121951219512,0.0005081300813008,0.3368902439024389,0.0,0.1153455284552845,0.4878048780487805,0.2093495934959349,0.1875,0.7779471544715447,0.0909552845528455,0.0553861788617886,0.0513211382113821,0.024390243902439,0.0330284552845528,0.0833333333333333,0.8836382113821138,0.1686991869918699,0.375,1.0,260.0,38.45121951219512,35.98356765760136,138.0,6.120871862615588,8.039019204773265,0.7693089430894309,21.0,19.27,4100.0,245.6672024169184,212.63134567587682,1059.0,95.0,4491.0,1052.9716713881019,676.3454358056288,-13.0,280.0,5.696883852691218,23.98080714370212,0.6496694995278565,0.7327667610953729,6.0,293.0,160.91690273843247,37.29705877203197,0.1510859301227573,4.5454545455,100.0,92.41828119337532,8.705804372967027,0.2190745986779981,0.2124645892351274,0.0878186968838526,0.1010387157695939,0.0830972615675165,0.0717658168083097,0.0415486307837582,0.0226628895184136,0.0,0.0434372049102927,0.0273843248347497,0.0236071765816808,0.0132200188857412,0.0132200188857412,0.0047214353163361,0.0028328611898017,0.0028328611898017,0.0169971671388102,0.1595845136921624,0.0632672332389046,0.0661000944287063,0.0330500472143531,0.0500472143531633,0.0377714825306893,0.0264400377714825,0.0264400377714825,0.0377714825306893,0.0075542965061378,0.3021718602455146,0.0802644003777148,0.06515580736543901,0.0642115203021718,0.0387157695939565,0.0273843248347497,0.0415486307837582,0.0283286118980169,0.0217186024551463,0.0179414542020774
2021-07-31,0.5011723329425557,0.2575310100413467,0.3124156545209177,-0.014792899408283997,0.258254716981132,0.2486772486772486,0.1933962264150943,-0.0494991160872127,0.2510288065843621,0.3345132743362832,-0.0773845230953809,0.4628975265017668,-0.0083018867924528,0.3577331759149941,-0.2936344969199179,0.3518628030751035,-0.256844850065189,-0.4680555555555555,0.0193470374848851,-0.8442028985507246,0.0714285714285714,1706.0,5.0,0.7942555685814772,0.7348803260332077,1.0,0.0070339976553341,0.1992966002344665,0.4765533411488863,0.0005861664712778,0.3845252051582649,12.0,0.1037514654161781,0.4689331770222743,0.2045720984759671,0.2221570926143024,0.7626025791324736,0.0949589683470105,0.0662368112543962,0.0533411488862837,0.0228604923798358,0.0369284876905041,0.0767878077373974,0.8862837045720985,0.1916764361078546,0.3862837045720985,1.0,274.0,44.392731535756155,41.2622602050157,60.0,7.782290820471162,6.591300865959513,0.7215709261430246,12.0,22.33,3539.46,254.03839210155152,193.0558848670936,900.0,106.0,4491.0,1002.4944444444444,631.1868571904066,-13.0,340.0,4.87,24.49602791800607,0.63,0.7777777777777778,64.0,293.0,163.71,37.996125761171115,0.1333333333333333,48.484848485,100.0,94.64343559199986,7.646472355104578,0.2277777777777777,0.2022222222222222,0.1,0.0822222222222222,0.0877777777777777,0.0633333333333333,0.0444444444444444,0.0244444444444444,0.0,0.0555555555555555,0.0255555555555555,0.0211111111111111,0.0166666666666666,0.0166666666666666,0.0077777777777777,0.0011111111111111,0.0033333333333333,0.0111111111111111,0.1577777777777777,0.0733333333333333,0.0688888888888888,0.0288888888888888,0.0422222222222222,0.0288888888888888,0.0255555555555555,0.0266666666666666,0.0311111111111111,0.01,0.3188888888888889,0.0722222222222222,0.0733333333333333,0.0733333333333333,0.0355555555555555,0.0233333333333333,0.04,0.0255555555555555,0.0177777777777777,0.0122222222222222
2021-08-01,0.36003600360036003,0.17119565217391305,0.17418677859391396,-0.17990867579908676,0.12195121951219512,0.13989169675090252,0.0760180995475113,-0.17104072398190046,0.10749774164408313,0.2292418772563177,-0.22110091743119267,0.1491862567811935,-0.0384180790960452,0.22916666666666666,-0.4217506631299735,0.2307692307692308,-0.26773049645390073,-0.4584199584199584,-0.04208754208754209,-0.9027237354085604,0.75,1111.0,5.0,0.7209720972097209,0.7766301368676097,0.0,0.0279027902790279,0.1422142214221422,0.4905490549054906,0.0027002700270027003,0.4734473447344735,3.0,0.0783078307830783,0.4842484248424842,0.22142214221422146,0.21602160216021601,0.6894689468946895,0.10531053105310532,0.0675067506750675,0.0927092709270927,0.045004500450045004,0.0639063906390639,0.14581458145814585,0.7902790279027903,0.1629162916291629,0.38343834383438347,1.0,259.0,36.01080108010801,36.88836177689267,129.0,7.588064046579331,10.466273902173064,0.6183618361836184,24.0,31.63,2433.3,307.0284663212435,221.8482214088073,776.0,95.0,4491.0,1101.1018041237114,704.5519655803915,-11.0,274.0,17.427835051546392,40.42385049356758,0.4832474226804124,0.6069587628865979,54.0,304.0,170.72551546391753,39.183349571022134,0.0,40.909090909,100.0,96.37881493664808,6.729790713719942,0.2036082474226804,0.21520618556701032,0.08762886597938144,0.09020618556701032,0.07603092783505154,0.06829896907216494,0.03865979381443298,0.033505154639175264,0.0,0.04381443298969072,0.033505154639175264,0.024484536082474227,0.01804123711340206,0.010309278350515464,0.010309278350515464,0.005154639175257732,0.007731958762886598,0.015463917525773196,0.1481958762886598,0.05798969072164949,0.06701030927835051,0.028350515463917526,0.041237113402061855,0.04252577319587629,0.02706185567010309,0.02577319587628866,0.03994845360824742,0.005154639175257732,0.3389175257731959,0.08118556701030928,0.07216494845360824,0.061855670103092786,0.03221649484536082,0.015463917525773196,0.05283505154639175,0.030927835051546393,0.02577319587628866,0.011597938144329896
2021-08-02,0.5248810038944179,0.2469512195121951,0.2640080767289248,-0.024101665205959685,0.2361896476729013,0.2392531480677377,0.15928819444444445,-0.11062906724511933,0.21068635968722849,0.3649000868809731,-0.09902740937223696,0.40721425467188177,0.048488305761551616,0.3363754889178618,-0.3413940256045519,0.3475795900566943,-0.2331560283687943,-0.4647089129314786,0.053555750658472345,-0.7698630136986301,0.42857142857142855,2311.0,6.0,0.7057550843790567,0.7332290728849372,1.0,0.01038511466897447,0.18866291648636954,0.5023799221116401,0.0012981393336218088,0.40891389009086976,5.0,0.08481176979662483,0.5170921678926872,0.2046733016010385,0.19299004759844224,0.7317178710514929,0.09476417135439204,0.06447425356988316,0.0739939420164431,0.03504976200778884,0.10212029424491564,0.2033751622674167,0.6945045434876677,0.12981393336218086,0.3500649069666811,1.0,330.0,30.891774891774894,34.8783628080655,183.0,6.666239590006406,10.165903002836133,0.6754651665945478,24.0,31.0,1801.47,252.12489455615503,169.22639803247685,1205.0,106.0,4491.0,1012.4182572614106,646.4504636799143,-15.0,352.0,7.2439834024896275,28.93224799687279,0.6273858921161826,0.7568464730290456,38.0,298.0,165.0572614107884,40.193438508522966,0.0,29.936305731999997,100.0,94.99475678127372,8.970666000448727,0.2157676348547718,0.19170124481327802,0.1020746887966805,0.08547717842323653,0.08547717842323653,0.06804979253112033,0.054771784232365145,0.02406639004149377,0.0,0.04896265560165975,0.025726141078838173,0.02323651452282157,0.014107883817427388,0.013278008298755186,0.008298755186721992,0.002489626556016597,0.008298755186721992,0.015767634854771784,0.15020746887966804,0.05892116182572614,0.059751037344398336,0.03236514522821577,0.04813278008298755,0.034854771784232366,0.02821576763485477,0.026556016597510373,0.03153526970954357,0.010788381742738587,0.3294605809128631,0.08381742738589211,0.06970954356846472,0.06473029045643154,0.03983402489626557,0.017427385892116183,0.04398340248962656,0.03319502074688797,0.019917012448132786,0.010788381742738587
2021-08-03,0.5370300037979491,0.2532467532467532,0.27431645002241145,-0.028812908182865925,0.2501915708812261,0.2568597560975609,0.18382913806254766,-0.08244274809160305,0.2614329268292683,0.3779047619047619,-0.08223429014740109,0.4096983581519664,0.02816205533596838,0.33867888507063765,-0.3264812575574365,0.3690658499234303,-0.2359098228663446,-0.4643326039387308,-0.012075471698113207,-0.7895981087470451,0.1875,2633.0,5.0,0.7516141283706799,0.7286879890549985,1.0,0.006076718571971136,0.2271173566274212,0.4481579946828713,0.000379794910748196,0.4561336878085834,12.0,0.13292821876186858,0.4679073300417774,0.18571971135586784,0.213064944929738,0.7778199772123053,0.08735282947208507,0.05734903152297759,0.04899354348651728,0.0284846183061147,0.06380554500569692,0.15305734903152302,0.7831371059627801,0.15305734903152302,0.3680212685150019,1.0,251.0,35.749715153816936,35.64936077072185,100.0,7.828741220961642,8.758647031364161,0.7030003797949107,38.0,23.26,2860.63,240.218121983326,194.49998756583233,1198.0,95.0,4491.0,1019.127712854758,658.0502931799082,-13.0,356.0,7.823873121869783,31.20669547222739,0.6143572621035058,0.7011686143572621,33.0,293.0,160.27295492487482,41.50068940595116,0.0,22.292993630999998,100.0,92.59551112900913,11.845460546869312,0.21452420701168606,0.20534223706176968,0.08263772954924875,0.08764607679465776,0.09265442404006677,0.0709515859766277,0.05008347245409015,0.02003338898163606,0.0,0.05509181969949917,0.028380634390651086,0.02003338898163606,0.018363939899833055,0.015859766277128547,0.007512520868113524,0.001669449081803005,0.008347245409015025,0.010851419031719529,0.15275459098497496,0.0659432387312187,0.05676126878130217,0.031719532554257086,0.041736227045075125,0.040901502504173626,0.02921535893155259,0.028380634390651086,0.0325542570951586,0.008347245409015025,0.3238731218697829,0.07345575959933222,0.06928213689482471,0.06844741235392321,0.03672787979966611,0.02086811352253756,0.045909849749582635,0.030050083472454088,0.01919866444073456,0.010851419031719529
2021-08-04,0.5385427666314678,0.28698119900674,0.3130182421227197,-0.004270462633451958,0.2796460176991151,0.275654635527247,0.20254506892895016,-0.054673721340388004,0.2838458819370802,0.3744259978806075,-0.06681112314915133,0.4745762711864407,0.049279404927940494,0.368328031106398,-0.2869047619047619,0.37579617834394907,-0.2038910505836576,-0.4578015644298065,0.06387362637362637,-0.8062015503875969,0.06666666666666668,2841.0,6.0,0.7444561774023232,0.7283193041038475,1.0,0.006687785990848293,0.24287222808870115,0.4347060894051391,0.00035198873636043646,0.43083421330517424,9.0,0.12284406898979232,0.4628651883139739,0.19676170362548395,0.21752903907074966,0.7620556142203451,0.08694121788102781,0.057374164026751134,0.06441393875395987,0.029215065117916224,0.05385427666314678,0.1351636747624076,0.8109820485744457,0.16437873988032384,0.3699401619148187,1.0,287.0,37.49700809574094,37.19679404900688,175.0,7.582096696984202,10.150216822337027,0.7353044702569518,36.0,22.26,4055.0,247.56542213114759,238.037126426071,1274.0,95.0,4491.0,1041.1546310832023,674.7846955436137,-24.0,287.0,4.4073783359497645,23.51352288699965,0.6758241758241759,0.7370486656200942,0.0,293.0,159.90345368916797,41.95217721008007,0.0,0.0,100.0,92.34787631317431,11.980820689017847,0.2119309262166405,0.20172684458398746,0.08791208791208792,0.08163265306122447,0.09811616954474098,0.062009419152276285,0.054945054945054944,0.023547880690737842,0.0,0.05180533751962323,0.027472527472527472,0.02511773940345369,0.0196232339089482,0.011773940345368921,0.007849293563579277,0.0023547880690737827,0.008634222919937205,0.012558869701726844,0.1577708006279435,0.06436420722135007,0.06828885400313972,0.030612244897959183,0.04395604395604396,0.038461538461538464,0.026687598116169543,0.026687598116169543,0.03453689167974882,0.007849293563579277,0.3092621664050236,0.06750392464678179,0.06593406593406594,0.07378335949764521,0.03924646781789639,0.02119309262166405,0.0423861852433281,0.025902668759811617,0.01805337519623234,0.011773940345368921
2021-08-05,0.5721698113207547,0.2624584717607973,0.3551351351351351,0.057142857142857134,0.3018060836501901,0.2876777251184834,0.2018957345971564,-0.08056872037914692,0.3156398104265403,0.4365530303030303,-0.060373742213703875,0.516816674561819,0.0666266506602641,0.3712660028449502,-0.2574102964118565,0.4115694642010431,-0.210727969348659,-0.4189114898295767,0.0297951582867784,-0.7535211267605634,1.0,2120.0,5.0,0.6707547169811321,0.711990871872289,0.0,0.008490566037735849,0.19150943396226414,0.4981132075471698,0.0009433962264150943,0.3957547169811321,1.0,0.13254716981132075,0.46556603773584904,0.18349056603773586,0.2179245283018868,0.7669811320754717,0.08726415094339622,0.05330188679245283,0.06650943396226415,0.025943396226415096,0.042452830188679236,0.12971698113207547,0.8278301886792453,0.16981132075471694,0.3377358490566037,1.0,326.0,35.12688679245283,35.700466348827355,300.0,6.276503409795412,11.091841934201897,0.7608490566037736,35.0,31.63,7429.82,255.4281678173128,281.78655311844375,1128.0,95.0,3963.0,1023.7721631205674,669.8311872286454,-16.0,232.0,2.4521276595744683,18.295887477098184,0.7083333333333334,0.8005319148936171,46.0,304.0,162.76861702127658,39.50773636281072,0.0,40.909090909,100.0,92.74759698933502,10.27590596291287,0.2225177304964539,0.2136524822695036,0.09397163120567376,0.0948581560283688,0.07358156028368794,0.06382978723404255,0.06382978723404255,0.0274822695035461,0.0,0.03546099290780142,0.02393617021276596,0.025709219858156027,0.012411347517730495,0.010638297872340424,0.007978723404255319,0.0017730496453900707,0.00975177304964539,0.008865248226950355,0.1551418439716312,0.0673758865248227,0.06294326241134751,0.030141843971631208,0.04521276595744681,0.04521276595744681,0.025709219858156027,0.01773049645390071,0.0274822695035461,0.008865248226950355,0.3164893617021277,0.07712765957446809,0.07446808510638298,0.06560283687943262,0.044326241134751775,0.018617021276595744,0.041666666666666664,0.02836879432624113,0.01950354609929078,0.015957446808510637
2021-08-06,0.5284956925115971,0.23507835945315106,0.3148854961832061,0.010720268006700168,0.24391869376874376,0.2654485049833887,0.15083056478405316,-0.10634762379528084,0.2577216871471272,0.3974060525440639,-0.07422402159244265,0.4388537154281906,0.06944444444444445,0.33155969404722313,-0.289010989010989,0.3564521507169056,-0.1919398907103825,-0.4377665761923226,-0.007447528774542992,-0.7884187082405345,-0.125,3018.0,7.0,0.6911862160371107,0.7223377401562388,1.0,0.008946322067594433,0.20145791915175607,0.4688535453943009,0.0,0.3744201457919152,6.0,0.10702451954937044,0.49039098740888,0.19715043074884028,0.20510271703114646,0.7528164347249834,0.10039761431411533,0.05666003976143141,0.06129887342611001,0.028827037773359838,0.04572564612326044,0.1096752816434725,0.8445990722332671,0.16401590457256462,0.3605036447978794,1.0,317.0,36.216368455931075,36.75691097297484,186.0,6.012888888888887,8.229009467029314,0.7455268389662028,29.0,7.0,9095.28,249.44904247104247,266.22387034569346,1390.0,95.0,4491.0,1017.1496402877698,662.6312195325719,-19.0,302.0,5.661870503597123,26.32937899158601,0.6733812949640288,0.7733812949640287,46.0,303.0,160.36618705035968,38.88389439331319,0.0,28.75,100.0,93.13319783138122,9.523826960408897,0.20647482014388488,0.2050359712230216,0.10287769784172662,0.08705035971223021,0.09352517985611512,0.05971223021582734,0.05683453237410072,0.02733812949640288,0.0,0.044604316546762585,0.017985611510791366,0.02302158273381295,0.019424460431654675,0.015107913669064747,0.005035971223021582,0.004316546762589928,0.0035971223021582736,0.015107913669064747,0.17266187050359713,0.06330935251798561,0.0683453237410072,0.03309352517985612,0.04388489208633094,0.04316546762589928,0.020863309352517987,0.02733812949640288,0.03741007194244604,0.008633093525179856,0.2992805755395683,0.07913669064748201,0.06115107913669065,0.06906474820143885,0.03741007194244604,0.020863309352517987,0.04388489208633094,0.02517985611510792,0.015107913669064747,0.017266187050359712
2021-08-07,0.506468797564688,0.24091778202676864,0.290917068889864,-0.04982752012265236,0.2043711656441718,0.2438000763067532,0.16666666666666666,-0.07551487414187644,0.2432329393823865,0.3504958047292143,-0.08501552795031056,0.3030187237294612,0.04108264862252296,0.3253150057273769,-0.3504273504273504,0.3542223920519679,-0.1988400994200497,-0.4492430988423865,-0.01283987915407855,-0.8321167883211679,0.26666666666666666,2628.0,8.0,0.7777777777777778,0.7612179005572248,1.0,0.0106544901065449,0.19140030441400305,0.4722222222222222,0.00076103500761035,0.41742770167427706,16.0,0.1267123287671233,0.4539573820395738,0.1902587519025875,0.22831050228310495,0.7591324200913242,0.08789954337899543,0.06278538812785388,0.06506849315068493,0.02511415525114155,0.03995433789954338,0.09056316590563164,0.869482496194825,0.18835616438356165,0.3671993911719939,1.0,323.0,42.34855403348554,42.967479688862774,154.0,8.063215258855585,9.428045444871543,0.6982496194824962,54.0,31.0,4550.0,255.88623336291042,238.6947461619689,1240.0,95.0,4491.0,1044.6548387096775,663.0037441117418,-19.0,272.0,9.902419354838713,30.26476110800959,0.5451612903225806,0.6016129032258064,21.0,293.0,163.38145161290322,40.36442721221713,0.0,19.090909091,100.0,93.64138712991695,9.51923108779491,0.2161290322580645,0.20967741935483872,0.08629032258064516,0.08306451612903226,0.08790322580645163,0.06370967741935482,0.05080645161290322,0.02741935483870968,0.0,0.04596774193548387,0.022580645161290318,0.02338709677419355,0.020161290322580645,0.012903225806451613,0.00967741935483871,0.0064516129032258064,0.005645161290322579,0.016129032258064516,0.1596774193548387,0.05645161290322581,0.06451612903225806,0.03387096774193549,0.042741935483870966,0.042741935483870966,0.022580645161290318,0.028225806451612906,0.035483870967741936,0.008064516129032258,0.31129032258064515,0.08306451612903226,0.06774193548387097,0.062096774193548386,0.03306451612903226,0.025806451612903226,0.03790322580645161,0.025806451612903226,0.021774193548387097,0.01370967741935484
2021-08-08,0.4937310851707739,0.20938314509122505,0.2773024660291897,-0.04144851657940663,0.2429255550718329,0.23133680555555555,0.14700780572419775,-0.10807291666666667,0.22506504770164787,0.35296665223040274,-0.11897390535161433,0.3972246313963573,0.04136389044158748,0.3126626192541197,-0.3513888888888889,0.3381201044386423,-0.2147349505840072,-0.4551478083588175,-0.010869565217391304,-0.8925831202046036,-0.3333333333333333,2313.0,6.0,0.7427583225248595,0.7492618056580397,1.0,0.011240812797233029,0.17596195417207092,0.496757457846952,0.0012970168612191958,0.4107220060527453,11.0,0.0851707738867272,0.4863813229571984,0.19412019022913965,0.233895373973195,0.6969303934284479,0.10938175529615217,0.07652399481193256,0.0799827064418504,0.03718115002161695,0.0717682663207955,0.19887591872027668,0.7293558149589278,0.1608300907911803,0.3774319066147861,1.0,299.0,33.3895373973195,35.30970260564443,126.0,6.893716577540108,7.90648101860394,0.646779074794639,53.0,31.63,4535.49,289.45743693239154,252.29623723523682,1264.0,95.0,4491.0,1029.2349683544303,687.7895901798578,-13.0,297.0,8.153481012658228,29.4397169085845,0.5933544303797469,0.7199367088607594,38.0,302.0,165.06803797468353,38.903683049516566,0.0,34.545454545,100.0,95.2258959748282,8.06604634972703,0.2231012658227848,0.2009493670886076,0.09731012658227847,0.07832278481012657,0.09572784810126582,0.061708860759493674,0.0490506329113924,0.027689873417721517,0.0,0.04667721518987342,0.02215189873417721,0.02215189873417721,0.015822784810126583,0.012658227848101266,0.006329113924050633,0.005537974683544304,0.006329113924050633,0.014240506329113925,0.1629746835443038,0.0625,0.0625,0.030854430379746837,0.04430379746835443,0.04272151898734177,0.02689873417721519,0.029272151898734174,0.027689873417721517,0.00949367088607595,0.3275316455696203,0.07199367088607593,0.0625,0.06091772151898734,0.04430379746835443,0.02689873417721519,0.040348101265822785,0.02689873417721519,0.01819620253164557,0.011867088607594936
2021-08-09,0.4974446337308348,0.21526586620926244,0.28355295265983405,-0.02752688172043011,0.20815450643776826,0.26934587430525864,0.12612227447627192,-0.12023962344886607,0.2321504916631039,0.4023086789226165,-0.07822685788787484,0.38260497000856897,0.018599562363238512,0.31324786324786325,-0.32233883058470764,0.3548801369863014,-0.2456140350877193,-0.4772956609485368,-0.0432937181663837,-0.8225,0.0,2348.0,7.0,0.7137989778534923,0.732609170343264,1.0,0.010647359454855196,0.174190800681431,0.5217206132879046,0.0,0.4399488926746167,7.0,0.08517887563884156,0.4765758091993186,0.20954003407155025,0.2287052810902896,0.6656729131175468,0.10391822827938672,0.08304940374787052,0.09156729131175467,0.05579216354344123,0.13373083475298125,0.2355195911413969,0.6307495741056218,0.13500851788756388,0.3828790459965928,1.0,320.0,29.84965928449745,33.53551195828048,130.0,6.1903073286052015,8.267365503683125,0.7206132879045997,28.0,10.07,5940.0,268.40711464354524,271.7477767684778,1215.0,95.0,4491.0,1032.8510288065843,676.0006738663222,-14.0,395.0,5.911934156378603,26.37930734138309,0.6559670781893004,0.7572016460905351,47.0,304.0,160.46831275720166,39.474978311827385,0.0,35.606060606,100.0,92.28632657925684,10.124578685613132,0.20658436213991768,0.20658436213991768,0.09794238683127572,0.0831275720164609,0.08641975308641975,0.06995884773662553,0.05267489711934156,0.030452674897119343,0.0,0.047736625514403296,0.01728395061728395,0.02633744855967078,0.015637860082304528,0.013991769547325105,0.009053497942386829,0.0049382716049382715,0.007407407407407408,0.012345679012345678,0.14732510288065845,0.05761316872427984,0.0691358024691358,0.0345679012345679,0.04444444444444445,0.03374485596707818,0.02551440329218107,0.02304526748971193,0.023868312757201648,0.009876543209876543,0.33168724279835393,0.07818930041152264,0.06748971193415639,0.06419753086419754,0.0411522633744856,0.01893004115226337,0.04444444444444445,0.02798353909465021,0.019753086419753086,0.013991769547325105
2021-08-10,0.5263372805226623,0.2476347182229535,0.2755150934355534,-0.00909090909090909,0.2528830313014827,0.2501026694045175,0.16673511293634494,-0.08439164276935683,0.25635767022149303,0.37407711238720265,-0.0681912681912682,0.4221765913757701,0.04810810810810811,0.33237704918032784,-0.33197278911564626,0.3663244353182751,-0.23657870791628755,-0.4606903163950144,-0.040290088638195005,-0.8342391304347826,0.16666666666666666,2449.0,6.0,0.6880359330338914,0.7167634034226826,1.0,0.006124948958758677,0.2319314005716619,0.4597795018374847,0.0016333197223356473,0.4495712535728869,4.0,0.12862392813393222,0.4520212331563904,0.2008983258472846,0.2184565128623928,0.7472437729685586,0.09759085340955492,0.05226623111474071,0.0661494487545937,0.03674969375255206,0.07799101674152717,0.1694569211923234,0.7525520620661494,0.15271539403838302,0.36218864842792975,1.0,293.0,35.84687627603103,37.45409815205525,102.0,7.8396118721461185,9.489720036505725,0.7153940383830135,40.0,23.26,3670.0,244.11527246653918,231.24711461252082,1155.0,95.0,4491.0,1027.5281385281385,665.9427035660351,-14.0,1091.0,8.120346320346322,45.13914815974118,0.651082251082251,0.7281385281385281,27.0,306.0,151.32034632034632,44.86700423701189,0.0,24.545454545,100.0,87.03568187156117,15.27798666430269,0.21385281385281385,0.2008658008658009,0.09523809523809523,0.08051948051948052,0.09090909090909093,0.06493506493506493,0.057142857142857134,0.03203463203463204,0.0,0.047619047619047616,0.02337662337662337,0.019913419913419914,0.013852813852813851,0.01212121212121212,0.006060606060606061,0.005194805194805196,0.0069264069264069255,0.01645021645021645,0.14805194805194805,0.05627705627705628,0.0658008658008658,0.03116883116883117,0.0354978354978355,0.041558441558441565,0.027705627705627702,0.02943722943722944,0.03203463203463204,0.008658008658008658,0.3316017316017316,0.0761904761904762,0.0683982683982684,0.0632034632034632,0.03896103896103896,0.020779220779220783,0.04069264069264069,0.02943722943722944,0.01904761904761905,0.010389610389610391
2021-08-11,0.5167356148928168,0.2558756633813495,0.267260579064588,-0.015987818804720208,0.2288329519450801,0.2919184290030212,0.1764261428031734,-0.08276643990929705,0.2811791383219955,0.3910086890819796,-0.08231240428790199,0.3634294385432473,0.02543640897755611,0.34657586076428304,-0.25667090216010163,0.3762301286903861,-0.2668863261943987,-0.4558758314855876,0.006074411541381929,-0.8080808080808081,0.2857142857142857,2659.0,7.0,0.7085370440015043,0.7134935640053371,1.0,0.005641218503196691,0.2365550959007145,0.4411432869499812,0.00037608123354644597,0.4035351635953366,5.0,0.13275667544189546,0.4648364046634073,0.19481007897705904,0.20759684091763825,0.7653253102670177,0.09025949605114704,0.059420834900338476,0.05678826626551335,0.02820609251598345,0.05829259119969914,0.14591951861602107,0.7957878901842798,0.1553215494546822,0.3659270402406921,1.0,319.0,37.687476494922905,37.918665148635675,245.0,6.851295336787564,8.95059655696688,0.7258367807446409,29.0,22.18,3656.02,230.2743487667676,203.24825727318432,1230.0,95.0,4491.0,1037.8113821138209,671.4056567621258,-13.0,514.0,7.594792514239218,35.16413591921034,0.6682926829268293,0.6731707317073171,11.0,290.0,151.00081300813008,43.448135043061285,0.0,10.0,100.0,87.05812200026753,15.020596240556088,0.2146341463414634,0.2,0.0975609756097561,0.08130081300813008,0.0902439024390244,0.061788617886178863,0.05365853658536585,0.025203252032520333,0.0,0.05365853658536585,0.023577235772357725,0.022764227642276424,0.014634146341463415,0.01707317073170732,0.00894308943089431,0.0040650406504065045,0.004878048780487805,0.00975609756097561,0.15772357723577235,0.06666666666666668,0.06097560975609756,0.03333333333333333,0.04146341463414634,0.043089430894308944,0.024390243902439025,0.02682926829268293,0.036585365853658534,0.007317073170731708,0.3089430894308943,0.07317073170731707,0.07073170731707316,0.061788617886178863,0.04065040650406504,0.023577235772357725,0.04552845528455285,0.027642276422764227,0.01951219512195122,0.01707317073170732
2021-08-12,0.5214032829095591,0.22135922330097088,0.2718373493975904,-0.02467532467532468,0.17616580310880828,0.2634633989035795,0.13468992248062014,-0.1000645577792124,0.23320413436692505,0.3734279264753305,-0.09144736842105264,0.3061752344002586,0.02904741563434429,0.3063994828700711,-0.2657200811359026,0.3402395597280673,-0.24932065217391305,-0.4644766997708174,0.010575016523463316,-0.8226120857699805,0.2727272727272727,3107.0,6.0,0.6816865143224976,0.706010430859172,1.0,0.005471515931766978,0.22755069198583844,0.4596073382684262,0.0,0.401673640167364,7.0,0.10910846475700033,0.4956549726424204,0.19439974251689726,0.2005149662053428,0.7534599291921468,0.08915352429996781,0.062439652397811386,0.06372706791116832,0.031219826198905693,0.058577405857740586,0.12294818152558736,0.8184744126166721,0.15384615384615385,0.3723849372384937,1.0,293.0,37.163554410817774,36.44651923968853,205.0,6.01843120445778,7.640120681084177,0.7508850981654329,37.0,22.33,3425.14,240.092812383439,197.16676032981118,1392.0,95.0,4491.0,1030.4331896551723,664.2595385614218,-15.0,306.0,11.764367816091953,33.01641872715735,0.5625,0.6257183908045977,33.0,293.0,155.10488505747125,40.43916614770268,0.0,21.01910828,100.0,89.44462892005028,12.565911733884313,0.20474137931034486,0.2054597701149425,0.10272988505747127,0.08908045977011493,0.08836206896551724,0.0653735632183908,0.05244252873563218,0.03017241379310345,0.0,0.04310344827586207,0.022270114942528736,0.02155172413793104,0.017241379310344827,0.011494252873563218,0.007902298850574712,0.005028735632183908,0.00718390804597701,0.016522988505747127,0.16738505747126434,0.0625,0.06609195402298851,0.03089080459770115,0.040948275862068964,0.03591954022988505,0.020114942528735632,0.02442528735632184,0.03807471264367816,0.00646551724137931,0.3089080459770115,0.08405172413793104,0.06896551724137931,0.0639367816091954,0.03879310344827586,0.020114942528735632,0.040948275862068964,0.02586206896551724,0.020114942528735632,0.01221264367816092
2021-08-13,0.5158456228427989,0.2529207451847174,0.30239200285612283,-0.01967629324024119,0.2310366624525917,0.25551354757403905,0.16336166194523136,-0.09505823103556817,0.2437027707808564,0.4033375314861461,-0.08821656050955412,0.3812972292191436,0.06750202101859337,0.35583596214511043,-0.23159018143009605,0.35535883654758144,-0.2038961038961039,-0.44353640416047546,0.02601522842639594,-0.8011811023622047,0.07142857142857142,3187.0,8.0,0.6717916535927204,0.7258767605149934,0.0,0.005647944775651083,0.19767806714778788,0.4876058989645435,0.0006275494195167869,0.3893944148101663,10.0,0.10668340131785377,0.490429871352369,0.1970505177282711,0.2058362096015061,0.7496077816128021,0.08440539692500784,0.06526513962974584,0.06212739253216192,0.0385942893002824,0.049262629432067766,0.11421399435205525,0.8365233762158771,0.16096642610605585,0.3674301851270788,1.0,311.0,36.08380414312618,36.416466958126726,313.0,5.998328458002508,10.674258594201424,0.7508628804518356,44.0,10.8,7178.58,246.0390932546996,247.88731284518215,1411.0,95.0,4491.0,1018.3295535081503,679.5421026924267,-23.0,489.0,9.355776045357905,37.861275341889225,0.6350106307583274,0.7072997873848335,46.0,293.0,156.11268603827074,39.828738714686594,0.0,38.190954774,100.0,90.32174801156124,11.71892581527055,0.20623671155209072,0.20198440822111974,0.1034727143869596,0.08221119773210489,0.08433734939759037,0.07087172218284904,0.05386250885896527,0.026931254429482642,0.0,0.05315379163713678,0.02126151665485472,0.021970233876683204,0.01771793054571226,0.013465627214741321,0.010630758327427357,0.004961020552799433,0.0028348688873139627,0.01417434443656981,0.15946137491141035,0.0595322466335932,0.05882352941176471,0.0297661233167966,0.03614457831325301,0.04039688164422395,0.025513819985825654,0.026222537207654145,0.03756201275690999,0.008504606661941885,0.3203401842664777,0.073706591070163,0.07228915662650602,0.06945428773919206,0.04039688164422395,0.01913536498936924,0.03614457831325301,0.02834868887313962,0.01842664776754075,0.013465627214741321
2021-08-14,0.5154232424677188,0.2423368193292463,0.29463537300922044,0.0010861694424330196,0.20919290626131012,0.24937027707808565,0.1745860331173506,-0.07731032002876663,0.2543165467625899,0.35436193222782986,-0.07602339181286549,0.36,0.024977293369663943,0.34389629096146923,-0.2706155632984901,0.3621621621621622,-0.2273092369477912,-0.4476623913942904,-0.04529855868222375,-0.8486140724946695,0.3636363636363637,2788.0,4.0,0.7923242467718795,0.7174976796490211,1.0,0.006814921090387375,0.21233859397417504,0.4401004304160689,0.0010760401721664275,0.430416068866571,10.0,0.12302725968436155,0.4587517934002869,0.19799139167862267,0.2202295552367288,0.7736728837876614,0.09182209469153517,0.06061692969870875,0.05236728837876613,0.021520803443328552,0.028335724533715925,0.0975609756097561,0.8741032998565279,0.18794835007173602,0.36477761836441897,1.0,324.0,43.28622668579627,44.528626315812645,139.0,8.00150225338007,9.865960272107404,0.716284074605452,79.0,28.12,3566.36,251.7455871131836,250.1074928862856,1268.0,95.0,4491.0,1047.8186119873817,680.2534500746052,-17.0,376.0,11.246056782334383,35.416779188028976,0.5725552050473186,0.6482649842271293,42.0,293.0,155.45820189274446,43.02280726898369,0.0,23.036649215,100.0,89.34097654392816,13.207736697392075,0.2160883280757097,0.19085173501577288,0.09700315457413247,0.07807570977917981,0.0859621451104101,0.06861198738170347,0.055205047318611984,0.02917981072555205,0.0,0.0528391167192429,0.02129337539432177,0.02917981072555205,0.016561514195583597,0.011829652996845423,0.00946372239747634,0.006309148264984227,0.006309148264984227,0.016561514195583597,0.167192429022082,0.057570977917981075,0.060725552050473176,0.032334384858044164,0.04100946372239748,0.0386435331230284,0.025236593059936908,0.026025236593059938,0.03391167192429022,0.00946372239747634,0.30914826498422715,0.07728706624605679,0.05993690851735016,0.07018927444794952,0.04337539432176656,0.02444794952681388,0.04022082018927445,0.031545741324921134,0.017350157728706624,0.01577287066246057
2021-08-15,0.5148101793909053,0.25828092243186584,0.2909441233140655,-0.029113924050632917,0.2278268179907524,0.24675867837724802,0.16142557651991615,-0.09277058086084412,0.2358609132802681,0.379281537176274,-0.1046808510638298,0.36877354541649227,0.02457264957264957,0.3167155425219941,-0.2353801169590644,0.33850671140939603,-0.2309043020193152,-0.4659090909090909,0.005733005733005733,-0.8269720101781171,-0.4,2397.0,4.0,0.7726324572382144,0.7295013645630447,1.0,0.012098456403838132,0.1831455986649979,0.4872757613683771,0.00041718815185648727,0.43679599499374216,10.0,0.08093450146015853,0.4822695035460993,0.22444722569879014,0.21151439299123906,0.6958698372966208,0.11264080100125155,0.07342511472674176,0.08552357113057989,0.032540675844806015,0.06508135168961203,0.17647058823529413,0.7584480600750939,0.15853149770546515,0.3783896537338339,1.0,251.0,34.103879849812266,36.48600215225019,197.0,7.575816993464053,10.360970471423881,0.6382978723404256,56.0,14.17,3965.42,281.01558696693814,265.25623268377984,1280.0,95.0,4491.0,1022.84375,673.7430359267058,-18.0,355.0,5.83125,22.083528084664035,0.62578125,0.69765625,50.0,304.0,162.446875,38.04010462923677,0.0,31.847133758000002,100.0,93.36973912362879,9.28317399355126,0.21953125,0.21328125,0.0953125,0.08515625,0.08046875,0.06953125,0.05234375,0.0265625,0.0,0.04453125,0.01875,0.025,0.015625,0.01328125,0.00625,0.003125,0.00546875,0.01328125,0.16328125,0.05859375,0.06484375,0.0359375,0.04453125,0.0390625,0.02421875,0.0234375,0.02734375,0.00859375,0.3140625,0.07421875,0.0703125,0.065625,0.040625,0.02734375,0.04375,0.0265625,0.01875,0.0125
2021-08-16,0.540447504302926,0.24880797572605115,0.3099009900990099,-0.027367506516072983,0.2420824295010846,0.2872570194384449,0.1506908462867012,-0.09495036685369013,0.25874730021598275,0.4182837429926693,-0.06214442013129104,0.435630689206762,0.02037351443123939,0.3431542461005199,-0.1875945537065053,0.3862158647594278,-0.26518391787852863,-0.4787178139779296,0.0417036379769299,-0.7925696594427245,0.4444444444444444,2324.0,5.0,0.7211703958691911,0.7368647198625133,1.0,0.004302925989672977,0.17943201376936316,0.5240963855421686,0.0012908777969018936,0.43373493975903615,3.0,0.08562822719449226,0.4741824440619621,0.209552495697074,0.2306368330464716,0.6592082616179001,0.11144578313253012,0.07487091222030981,0.09552495697074012,0.058950086058519785,0.11876075731497418,0.2581755593803787,0.6230636833046471,0.12306368330464715,0.3635972461273666,1.0,313.0,30.33132530120482,34.70501036001444,154.0,6.0093399750934005,8.440846390522385,0.6910499139414802,32.0,17.91,2933.96,245.4742243902439,195.24373710888256,1205.0,106.0,4491.0,1002.6091286307054,659.1698134319071,-16.0,332.0,4.063070539419087,21.958455311495534,0.6755186721991702,0.7360995850622407,42.0,303.0,154.14688796680497,41.15852386891447,0.0,31.818181818000003,100.0,88.84105274061069,12.821683167569635,0.208298755186722,0.2008298755186722,0.0946058091286307,0.08879668049792531,0.0970954356846473,0.07219917012448132,0.04564315352697095,0.02738589211618257,0.0,0.04647302904564316,0.018257261410788383,0.025726141078838173,0.014107883817427388,0.013278008298755186,0.014937759336099588,0.004149377593360996,0.006639004149377593,0.014107883817427388,0.15601659751037344,0.05809128630705394,0.05560165975103733,0.034854771784232366,0.04149377593360997,0.034854771784232366,0.02821576763485477,0.025726141078838173,0.030705394190871368,0.009958506224066393,0.3377593360995851,0.07634854771784233,0.06887966804979254,0.06390041493775933,0.04481327800829876,0.019917012448132786,0.04564315352697095,0.026556016597510373,0.014937759336099588,0.014107883817427388
2021-08-17,0.5431103948428686,0.26798706548100243,0.2914714151827554,-0.006916192026037429,0.2470588235294117,0.30598221503637835,0.17763423496164715,-0.08030669895076675,0.2880808080808081,0.4259184497375858,-0.027038099139696844,0.3903721682847897,0.0395987328405491,0.3527272727272727,-0.249645390070922,0.41209906617945596,-0.22101751459549626,-0.4480952380952381,0.0368,-0.8095238095238095,0.16666666666666666,2482.0,7.0,0.7578565672844481,0.7505128696352181,1.0,0.008058017727639,0.20870265914585007,0.4705882352941176,0.00040290088638195,0.4520547945205479,4.0,0.12691377921031427,0.4407735697018533,0.20185334407735692,0.23045930701047546,0.7099113618049959,0.10435132957292506,0.0684931506849315,0.0781627719580983,0.03908138597904915,0.06889605157131345,0.17445608380338434,0.7566478646253022,0.15310233682514102,0.3920225624496374,1.0,324.0,37.49073327961322,40.68209389584902,127.0,7.361256544502617,9.196492336516863,0.6925866236905721,34.0,20.59,4309.1,228.92179706021813,232.11034272097805,1185.0,95.0,4491.0,1001.1890295358653,667.4546267460303,-15.0,359.0,7.0810126582278485,34.485457946567394,0.6734177215189874,0.6497890295358649,25.0,306.0,143.45654008438817,46.30030146104607,0.0,18.125,100.0,83.10510933601006,17.071198919185022,0.2059071729957806,0.18987341772151894,0.09113924050632913,0.08270042194092828,0.10379746835443038,0.05907172995780593,0.06160337552742616,0.024472573839662448,0.0,0.0540084388185654,0.02109704641350211,0.02531645569620253,0.016033755274261603,0.01350210970464135,0.010970464135021098,0.004219409282700422,0.010970464135021098,0.01350210970464135,0.16624472573839666,0.05232067510548523,0.06329113924050632,0.028691983122362867,0.04641350210970464,0.036286919831223625,0.024472573839662448,0.023628691983122358,0.035443037974683546,0.008438818565400843,0.3232067510548523,0.07172995780590717,0.06413502109704641,0.070042194092827,0.03713080168776371,0.02109704641350211,0.04219409282700422,0.028691983122362867,0.019409282700421943,0.012658227848101266
2021-08-18,0.5604235122307412,0.25697503671071953,0.32317596566523604,0.03663952627683198,0.2648787656135195,0.3031524926686217,0.17754952311078506,-0.07328691828508611,0.2880175888603884,0.4194139194139194,-0.013064576334453154,0.43291788856304986,0.040630975143403435,0.36,-0.17769130998702984,0.3997060984570169,-0.20985810306198646,-0.4363714531384351,0.031455742501828816,-0.8136482939632546,0.15,2739.0,4.0,0.7269076305220884,0.7286596026400444,1.0,0.009127418765972985,0.2157721796276013,0.4684191310697335,0.0003650967506389193,0.4271631982475356,8.0,0.13946695874406714,0.4220518437385907,0.20372398685651694,0.2340270171595473,0.7371303395399781,0.08725812340270171,0.06973347937203359,0.07046367287331143,0.035414384811975175,0.06462212486308871,0.1569916027747353,0.7783862723621758,0.16757940854326395,0.3672873311427528,1.0,319.0,38.03103322380432,37.84310948883262,140.0,6.949019607843138,9.678619394755199,0.7447973713033954,37.0,3.86,2300.0,230.97626751592358,195.79915439198555,1254.0,106.0,4491.0,1046.72009569378,671.4572131632873,-15.0,299.0,4.68341307814992,24.946444071675817,0.7161084529505582,0.7344497607655502,13.0,298.0,147.90271132376395,44.97343483665426,0.0,11.818181818,100.0,85.19134924236285,15.837780554591145,0.22009569377990432,0.17942583732057416,0.09649122807017543,0.09011164274322167,0.08452950558213716,0.05980861244019139,0.05661881977671451,0.02472089314194577,0.0,0.05821371610845296,0.019138755980861243,0.02472089314194577,0.01594896331738437,0.014354066985645932,0.011164274322169059,0.004784688995215311,0.011164274322169059,0.014354066985645932,0.1594896331738437,0.057416267942583726,0.07256778309409888,0.032695374800637965,0.04944178628389154,0.04226475279106858,0.027113237639553436,0.02472089314194577,0.03668261562998405,0.006379585326953748,0.2998405103668261,0.0773524720893142,0.06778309409888357,0.06937799043062201,0.03668261562998405,0.02472089314194577,0.04784688995215311,0.023125996810207338,0.018341307814992026,0.01036682615629984
2021-08-19,0.541851616994293,0.2848040777317617,0.311217008797654,0.03426192763368556,0.2641509433962264,0.30943275971956663,0.2,-0.05882352941176471,0.2910828025477707,0.4276629570747218,-0.02962962962962963,0.3902516725071679,0.06875753920386007,0.3390639923591213,-0.16844349680170576,0.3880216629499841,-0.18358112475759533,-0.4260772659732541,0.0590823381521056,-0.8496583143507973,0.6363636363636364,3154.0,5.0,0.6857958148383005,0.7060123413253018,1.0,0.006658211794546607,0.21179454660748254,0.4806594800253646,0.0003170577045022194,0.4064679771718453,2.0,0.12301838934686113,0.4571972098922004,0.2076727964489537,0.21179454660748254,0.7396956246036779,0.0916296766011414,0.06119213696892835,0.07419150285351933,0.03329105897273304,0.04153455928979074,0.12523779327837667,0.8332276474318326,0.1664552948636652,0.3693722257450856,1.0,327.0,37.88173747622067,37.9298971445023,140.0,6.0106382978723385,8.670804953193821,0.7748890298034242,37.0,23.26,3700.0,227.58646972477058,191.51512831058648,1407.0,95.0,4491.0,1036.5749822316986,659.3452687212108,-16.0,339.0,8.004264392324094,33.713945753564445,0.6538734896943852,0.6709310589907604,11.0,293.0,148.98294243070362,42.27128728518967,0.0,10.0,100.0,85.73149754447192,14.360953818295592,0.21606254442075332,0.19829424307036247,0.08884150675195451,0.09097370291400142,0.0923951670220327,0.06609808102345416,0.047619047619047616,0.0255863539445629,0.0,0.047619047619047616,0.023454157782516,0.024875621890547258,0.014214641080312722,0.01279317697228145,0.012082444918265814,0.0035536602700781805,0.007107320540156361,0.017768301350390904,0.15920398009950248,0.06396588486140725,0.06254442075337598,0.031982942430703626,0.042643923240938165,0.04051172707889127,0.021321961620469083,0.0255863539445629,0.03837953091684435,0.007818052594171997,0.3162757640369581,0.08173418621179815,0.0689410092395167,0.06254442075337598,0.0433546552949538,0.022032693674484717,0.042643923240938165,0.02771855010660981,0.017768301350390904,0.010660980810234541
2021-08-20,0.5220704985709749,0.2260121134842206,0.3248805586181551,-0.003207184092366902,0.23099041533546325,0.2610774625438317,0.15141855275741153,-0.08847867600254615,0.2637782733354572,0.3966889525628781,-0.056328909032049214,0.3628544122331953,0.0625250501002004,0.33078149920255184,-0.17025862068965514,0.3588516746411483,-0.21493506493506487,-0.4325441563322059,0.013190954773869348,-0.8094302554027505,-0.14285714285714285,3149.0,5.0,0.6992696093998094,0.7253374800786646,1.0,0.010479517307081613,0.20704985709749127,0.4630041282946967,0.00031756113051762465,0.3712289615751032,8.0,0.11749761829152112,0.4684026675134964,0.2073674182280089,0.20641473483645606,0.7338837726262305,0.09907907272149888,0.06414734836456018,0.06891076532232454,0.033979040965385836,0.052080025404890436,0.10765322324547476,0.8402667513496348,0.1610034931724357,0.3775801841854557,1.0,331.0,37.260400127024454,39.94737831540899,121.0,5.769644334160462,7.631259122994506,0.7678628135916163,45.0,9.78,2728.13,226.10707290132547,191.0006875338156,1409.0,95.0,4491.0,1041.763662171753,681.808567038957,-18.0,409.0,7.981547196593327,30.473250194786075,0.6515259048970902,0.7068843151171044,30.0,293.0,154.471965933286,40.199742256056574,0.0,20.0,100.0,88.93755923298788,13.15473520772747,0.2207239176721079,0.1902058197303052,0.09581263307310148,0.09226401703335699,0.0801987224982257,0.07523066004258339,0.05819730305180978,0.0255500354861604,0.0,0.04471256210078069,0.0191625266146203,0.028388928317956003,0.015613910574875796,0.014194464158977996,0.007806955287437898,0.0042583392476934,0.0049680624556423,0.0134847409510291,0.1717530163236338,0.0617459190915543,0.0716820440028389,0.0326472675656494,0.043293115684882894,0.043293115684882894,0.0227111426543648,0.0248403122782115,0.0361958836053939,0.008516678495386799,0.29595457771469125,0.0745209368346345,0.0631653655074521,0.07097232079488999,0.0361958836053939,0.0227111426543648,0.041873669268985086,0.0298083747338538,0.0191625266146203,0.0113555713271824
2021-08-21,0.558055152394775,0.2264770240700219,0.30165464573610523,0.009150805270863836,0.2835711672155141,0.2693148688046647,0.16727272727272727,-0.06792589901925172,0.2813978886057517,0.3842508202697776,-0.04733727810650888,0.4673952641165756,0.04779582366589327,0.3377049180327869,-0.2376357056694813,0.3842220598977356,-0.2386799693016117,-0.4533049040511727,-0.0303886925795053,-0.843520782396088,0.09090909090909093,2756.0,8.0,0.7989840348330914,0.7569729465775409,1.0,0.010159651669085631,0.20391872278664733,0.4593613933236575,0.000362844702467344,0.4107402031930334,11.0,0.14259796806966618,0.41400580551523947,0.2064586357039188,0.2365747460087083,0.7441944847605225,0.09470246734397678,0.06386066763425254,0.06785195936139332,0.02939042089985486,0.02939042089985486,0.0957910014513788,0.8748185776487664,0.19521044992743106,0.37264150943396224,1.0,317.0,41.62917271407837,43.2556030151125,196.0,8.026427061310782,10.910934037422113,0.6865021770682148,69.0,15.97,3325.0,236.51368064379503,208.1615071898676,1249.0,95.0,4491.0,1039.7790232185746,657.5452644860912,-22.0,419.0,4.44755804643715,30.22647971834457,0.7221777421937551,0.7974379503602882,28.0,293.0,149.51881505204162,43.8905052214573,0.0,21.212121212,100.0,86.36332951405531,16.171858325373382,0.21617293835068047,0.20096076861489195,0.09527622097678144,0.08967173738991192,0.08566853482786227,0.06725380304243395,0.056845476381104876,0.028022417934347482,0.0,0.04483586869495596,0.017614091273018415,0.024019215372297842,0.01921537229783827,0.013610888710968777,0.004803843074459567,0.004803843074459567,0.005604483586869495,0.016813450760608487,0.15932746196957567,0.056845476381104876,0.0656525220176141,0.0344275420336269,0.04083266613290633,0.03602882305844676,0.024019215372297842,0.02321857485988791,0.03522818254603683,0.008807045636509208,0.3106485188150521,0.08166533226581266,0.06405124099279423,0.07045636509207366,0.03843074459567654,0.0200160128102482,0.044035228182546036,0.033626901521216966,0.016813450760608487,0.013610888710968777
2021-08-22,0.5410447761194029,0.2856472795497186,0.3424145299145299,0.027358490566037737,0.2984022556390977,0.30711610486891383,0.19784341303328645,-0.05154639175257732,0.2840430510060833,0.4194001874414245,-0.04643370033508856,0.4437148217636023,0.052825552825552825,0.3837863167760075,-0.20251177394034536,0.4072504708097928,-0.20382165605095545,-0.4247191011235955,0.04926108374384237,-0.7764350453172205,0.6,2144.0,5.0,0.7546641791044776,0.7429724759084384,1.0,0.00373134328358209,0.1791044776119403,0.4962686567164179,0.00046641791044776135,0.4295708955223881,0.0,0.07929104477611941,0.498134328358209,0.19869402985074627,0.22388059701492533,0.7098880597014925,0.11007462686567164,0.05830223880597015,0.08628731343283583,0.03544776119402985,0.07602611940298508,0.19729477611940305,0.7266791044776121,0.15625,0.3624067164179105,1.0,319.0,33.595893607092854,39.74674756563816,280.0,7.136136849607983,12.914096674230013,0.6543843283582089,35.0,23.26,2860.0,256.82361242759345,209.22383325397016,1177.0,95.0,4491.0,1029.1478334749363,670.8348186975842,-15.0,505.0,6.530161427357688,31.33770928431438,0.6499575191163977,0.7519116397621071,38.0,299.0,156.2871707731521,40.04156998380033,0.0,21.465968586,100.0,90.06181250440603,12.852239700416975,0.22939677145284626,0.2081563296516568,0.10535259133389976,0.07986406117247237,0.08666100254885302,0.0637213254035684,0.05097706032285471,0.0237892948173322,0.0,0.044180118946474084,0.020390824129141887,0.022939677145284627,0.01784197111299915,0.009345794392523364,0.007646559048428207,0.0016992353440951572,0.00594732370433305,0.010195412064570943,0.15123194562446898,0.06457094307561598,0.06202209005947324,0.028887000849617667,0.048428207306711976,0.03993203058623618,0.020390824129141887,0.024638912489379786,0.03313508920985556,0.008496176720475786,0.33559898045879355,0.07561597281223449,0.06711979609175871,0.06032285471537808,0.03653355989804588,0.024638912489379786,0.04248088360237893,0.0237892948173322,0.01954120645709431,0.0118946474086661
2021-08-23,0.5472803347280335,0.2722689075630252,0.3333333333333333,0.029535864978902964,0.3035035880118193,0.29705882352941176,0.19966372425388812,-0.05592935239697225,0.2849326599326599,0.4467368421052632,0.011508951406649615,0.479394449116905,0.012665198237885462,0.3626419856962558,-0.1859070464767616,0.39469250210615,-0.2326989619377163,-0.43517138599105815,0.03607382550335572,-0.7982708933717579,0.2222222222222222,2390.0,6.0,0.7012552301255229,0.7287368827282473,1.0,0.0100418410041841,0.18493723849372384,0.5389121338912134,0.0,0.4368200836820084,8.0,0.09497907949790796,0.4728033472803347,0.20920502092050208,0.22259414225941426,0.6439330543933054,0.10711297071129706,0.08786610878661087,0.11213389121338913,0.04895397489539749,0.12510460251046024,0.2489539748953975,0.6259414225941422,0.13138075313807532,0.40251046025104603,1.0,318.0,31.963179916317987,36.61902535471288,155.0,5.979179060083284,8.210702628824759,0.703347280334728,42.0,23.58,4249.0,234.45254005655042,227.8418261662732,1186.0,95.0,4491.0,1027.8195615514335,669.0978783332216,-18.0,427.0,3.4814502529510962,27.51024499467684,0.7453625632377741,0.8111298482293423,44.0,297.0,151.65177065767284,41.93763886801629,0.0,31.210191083,100.0,86.96166712834987,14.633852320286815,0.22175379426644184,0.19983136593591905,0.0927487352445194,0.0927487352445194,0.08600337268128162,0.07082630691399662,0.046374367622259695,0.025295109612141653,0.0,0.04300168634064081,0.01770657672849916,0.024451939291736932,0.016020236087689713,0.01517706576728499,0.007588532883642495,0.0025295109612141647,0.010961214165261385,0.014333895446880268,0.1475548060708263,0.06155143338954469,0.059865092748735235,0.03204047217537944,0.04215851602023609,0.040472175379426635,0.023608768971332208,0.02782462057335582,0.03794266441821248,0.008431703204047217,0.3355817875210793,0.07082630691399662,0.05227655986509275,0.06913996627318718,0.04468802698145025,0.022765598650927487,0.03962900505902192,0.03372681281618887,0.016863406408094434,0.01517706576728499
2021-08-24,0.5785953177257525,0.2618747372845733,0.322819122720552,0.0540084388185654,0.29713804713804715,0.3130507763323542,0.1975620008406893,-0.06158357771260998,0.32090490155006285,0.457563025210084,0.012403763900769893,0.4529806884970613,0.04434589800443458,0.3764705882352941,-0.187125748502994,0.4136478517270429,-0.25800548947849955,-0.41975308641975306,0.005645161290322579,-0.8452012383900929,0.18181818181818185,2392.0,5.0,0.7056856187290971,0.7209602185963738,1.0,0.007107023411371238,0.2286789297658863,0.4711538461538462,0.0004180602006688963,0.4268394648829432,4.0,0.13336120401337792,0.4222408026755853,0.19816053511705686,0.24498327759197325,0.7257525083612041,0.0903010033444816,0.06856187290969899,0.08110367892976589,0.034280936454849496,0.07734113712374582,0.17767558528428093,0.7449832775919732,0.16555183946488294,0.3841973244147157,1.0,314.0,37.514214046822744,39.18780994965282,184.0,6.93368857312019,9.308832792686609,0.7061036789297659,35.0,5.11,5425.0,222.51301158301158,230.7511100501596,1125.0,95.0,4491.0,1004.3582222222225,657.9076065191052,-17.0,376.0,5.061333333333334,29.14970513759172,0.7191111111111111,0.7822222222222223,23.0,305.0,136.64,48.264942000737115,0.0,17.834394904,100.0,78.29820858926412,19.42038099589936,0.21866666666666668,0.17866666666666667,0.10577777777777778,0.07466666666666667,0.09333333333333334,0.06666666666666668,0.05155555555555556,0.02844444444444445,0.0,0.049777777777777775,0.029333333333333333,0.022222222222222227,0.016,0.014222222222222225,0.009777777777777778,0.004444444444444445,0.009777777777777778,0.017777777777777778,0.16266666666666665,0.06222222222222223,0.06755555555555555,0.032888888888888884,0.04355555555555556,0.03822222222222222,0.02577777777777777,0.02844444444444445,0.027555555555555555,0.010666666666666666,0.32622222222222225,0.07733333333333334,0.05333333333333334,0.07466666666666667,0.03911111111111111,0.017777777777777778,0.04533333333333334,0.031111111111111117,0.015111111111111113,0.015111111111111113
2021-08-25,0.601468882875918,0.320139697322468,0.37926391382405744,0.08287724784988272,0.36211590820692335,0.374563784412563,0.2362509682416732,-0.03172147001934236,0.3597986057319907,0.4899302865995353,0.027646129541864142,0.5423465423465423,0.06101865859808371,0.4024815820085305,-0.16689655172413792,0.4558193849746983,-0.17985611510791366,-0.3784878487848785,0.021341463414634148,-0.78419452887538,0.3333333333333333,2587.0,4.0,0.7193660610746038,0.7145217169320885,1.0,0.005025125628140704,0.22187862388867413,0.4646308465403943,0.0,0.4201778121376111,3.0,0.1364514882102822,0.4367993815229996,0.20023192887514496,0.22651720139157325,0.7301894085813684,0.10282180131426362,0.06339389253962119,0.07305759567066099,0.03053730189408581,0.06416698879010438,0.14959412446849632,0.7862388867413993,0.16312330885195206,0.3780440664862775,1.0,316.0,38.63161963664477,40.30689468671646,126.0,6.686952037132543,8.157346460893033,0.7495168148434479,26.0,15.99,2006.25,220.09199910152745,181.158987300967,1213.0,106.0,4491.0,1020.4690849134378,661.3963053132991,-19.0,276.0,1.244023083264633,20.67782427637751,0.8037922506183017,0.8318219291014015,10.0,291.0,136.26957955482274,46.446612663986514,0.0,9.0909090909,100.0,78.42089715075345,19.125877673499893,0.22341302555647155,0.1821929101401484,0.09975267930750206,0.0832646331409728,0.09150865622423744,0.060181368507831824,0.05441055234954658,0.02225886232481451,0.0,0.04369332234130256,0.020610057708161586,0.030502885408079144,0.023083264633140973,0.014014839241549877,0.006595218466611707,0.005770816158285243,0.009068425391591096,0.018961253091508656,0.1574608408903545,0.060181368507831824,0.07007419620774938,0.031327287716405604,0.05605935696619952,0.036273701566364384,0.02720527617477329,0.026380873866446827,0.034624896949711464,0.00741962077493817,0.3099752679307502,0.07502061005770816,0.07007419620774938,0.0651277823577906,0.03544929925803792,0.026380873866446827,0.03957131079967024,0.02885408079142622,0.020610057708161586,0.014014839241549877
2021-08-26,0.5891527827011698,0.271265189421015,0.3619126133553174,0.04874551971326165,0.2839285714285714,0.3344028520499109,0.1839572192513369,-0.0687566797292483,0.3225231646471846,0.4492702029191883,0.013342949873782909,0.4606060606060606,0.08290638099673964,0.3579059829059829,-0.19408740359897173,0.3905747947161728,-0.19865571321882006,-0.3899581589958159,0.04535637149028078,-0.848,0.6666666666666666,2821.0,7.0,0.6976249556894718,0.7158474834596914,1.0,0.007089684509039349,0.20808224034030487,0.4757178305565402,0.0,0.3807160581354129,0.0,0.12229705778092875,0.4406238922367955,0.22261609358383552,0.21446295639844026,0.7270471464019851,0.09464728819567528,0.0684154555122297,0.06983339241403758,0.04005671747607231,0.054945054945054944,0.13895781637717122,0.8060971286777738,0.16270825948245304,0.3966678482807515,1.0,315.0,39.19886565047855,39.60136216391572,152.0,5.799548532731378,8.395889849945489,0.7851825593761078,42.0,6.26,4448.57,224.03834023178803,216.31489953157603,1345.0,95.0,4491.0,1036.5026022304833,660.0180272615198,-17.0,328.0,3.3063197026022304,23.54377565799557,0.7420074349442379,0.7769516728624535,36.0,293.0,142.7345724907063,41.963723016306254,0.0,18.848167539000002,100.0,82.54870356680301,15.438399646031089,0.21412639405204464,0.19479553903345725,0.0966542750929368,0.08327137546468401,0.09442379182156134,0.07063197026022305,0.05055762081784387,0.026765799256505574,0.0,0.0483271375464684,0.021561338289962824,0.026022304832713755,0.014126394052044609,0.012639405204460968,0.008921933085501859,0.0052044609665427505,0.008921933085501859,0.017100371747211896,0.16654275092936802,0.061710037174721184,0.07211895910780669,0.031226765799256505,0.04312267657992565,0.044609665427509285,0.026022304832713755,0.023048327137546468,0.03271375464684015,0.008178438661710037,0.30185873605947955,0.07063197026022305,0.0691449814126394,0.06988847583643122,0.04089219330855018,0.023048327137546468,0.04089219330855018,0.030483271375464683,0.01858736059479554,0.011895910780669143
2021-08-27,0.5716617695070193,0.2625533311453889,0.33642433234421365,0.05432993085281528,0.27848932676518884,0.314687602224403,0.1793193717277487,-0.06518178840484769,0.3215570821066405,0.4587155963302753,-0.000663129973474801,0.4259501965923984,0.08989690721649485,0.3532110091743119,-0.14827201783723526,0.4158740570678911,-0.21669980119284293,-0.3670597185241536,0.03170577045022194,-0.8257080610021786,0.5555555555555556,3063.0,6.0,0.6457721188377408,0.7243688549763493,0.0,0.005876591576885406,0.18543911198171728,0.4942866470780281,0.000652954619653934,0.3823049298073784,8.0,0.13222331047992164,0.4498857329415605,0.20763956904995104,0.2099249102187398,0.7267384916748286,0.10447273914462944,0.060071825008161925,0.07835455435847209,0.03036238981390793,0.051256937642833816,0.11230819458047664,0.8364348677766895,0.16389160953313744,0.3702252693437806,1.0,331.0,36.49526607900751,38.829702724042846,139.0,5.459721636440321,7.825332211879474,0.7740777015997388,31.0,23.26,10922.33,221.26780552402576,295.28861869570216,1409.0,95.0,4491.0,1021.7799858055356,682.1410195798709,-20.0,352.0,5.716820440028387,30.649735040698747,0.7090134847409509,0.7040454222853088,29.0,291.0,144.9574166075231,41.636579103688476,0.0,21.608040200999998,100.0,83.88282061662103,15.72658692320947,0.20865862313697656,0.19730305180979416,0.10007097232079487,0.08729595457771469,0.0908445706174592,0.0716820440028389,0.0468417317246274,0.028388928317956003,0.0,0.049680624556423,0.017743080198722498,0.0227111426543648,0.015613910574875796,0.014904187366926896,0.007806955287437898,0.0063875088715401,0.007097232079488998,0.014194464158977996,0.17388218594748048,0.0603264726756565,0.056777856635911984,0.0361958836053939,0.046132008516678494,0.040454222853087286,0.0220014194464159,0.0255500354861604,0.035486160397445,0.0099361249112846,0.3058907026259759,0.0773598296664301,0.07097232079488999,0.06529453513129879,0.0411639460610362,0.0234208658623137,0.039034776437189486,0.027679205110007096,0.0184528034066714,0.0113555713271824
2021-08-28,0.6161616161616161,0.3131625441696113,0.3662551440329218,0.1151622943530458,0.3617868199911544,0.3522677234698371,0.2508818342151676,0.01762114537444934,0.3765432098765432,0.472479084103919,0.06269592476489028,0.5418871252204586,0.09045780474351904,0.4223985890652557,-0.16594516594516595,0.4449845338046841,-0.21483622350674367,-0.3417465926299849,0.08437761069340016,-0.7396226415094339,0.2,2277.0,5.0,0.7689942907334212,0.7547421832310742,1.0,0.005709266578831796,0.2160737812911726,0.4672815107597717,0.0004391743522178305,0.4154589371980677,9.0,0.13921826965305226,0.4088713219148002,0.20641194554238032,0.2437417654808959,0.7369345630215195,0.10057092665788316,0.060166886253842776,0.07553798858146685,0.02678963548528766,0.03645147123407993,0.10891523935002197,0.8546332894158981,0.2011418533157664,0.4000878348704436,1.0,317.0,39.47759226713533,42.86381120315382,239.0,8.285895003162555,11.481872764883294,0.69433465085639,26.0,21.65,2944.0,216.48916796671867,202.22246842200096,1102.0,106.0,4491.0,1056.0998185117967,677.5121979724203,-20.0,294.0,2.4773139745916515,24.04164818132541,0.7540834845735027,0.8148820326678766,20.0,291.0,136.8076225045372,46.095340284862424,0.0,15.151515152,100.0,78.58959841808884,18.930521261212405,0.21960072595281308,0.17967332123411978,0.10072595281306716,0.08802177858439203,0.08166969147005444,0.06715063520871144,0.05716878402903811,0.02450090744101633,0.0,0.0499092558983666,0.021778584392014518,0.022686025408348458,0.019056261343012703,0.01814882032667877,0.007259528130671506,0.007259528130671506,0.007259528130671506,0.0117967332123412,0.1588021778584392,0.05353901996370236,0.06987295825771325,0.03357531760435572,0.04627949183303085,0.03539019963702359,0.02722323049001815,0.02631578947368421,0.028130671506352088,0.0117967332123412,0.31851179673321234,0.07350272232304901,0.07441016333938294,0.06352087114337568,0.04083484573502722,0.022686025408348458,0.045372050816696916,0.029038112522686024,0.019963702359346643,0.015426497277676953
2021-08-29,0.5634961439588689,0.26134020618556697,0.3362884160756501,0.031039834454216243,0.3071354705274044,0.29536082474226805,0.1901081916537867,-0.03192584963954686,0.3250773993808049,0.4246011322696861,0.005747126436781609,0.4778350515463918,0.0702319587628866,0.3849329205366357,-0.1629032258064516,0.40960743801652894,-0.19022869022869024,-0.3758308157099698,0.04965920155793573,-0.8226950354609929,-0.14285714285714285,1945.0,5.0,0.7470437017994859,0.7312630362825705,1.0,0.011825192802056557,0.17994858611825193,0.5167095115681234,0.00051413881748072,0.4041131105398458,7.0,0.1038560411311054,0.44267352185089975,0.2051413881748072,0.2478149100257069,0.6987146529562982,0.1089974293059126,0.08123393316195372,0.07712082262210798,0.0339331619537275,0.06735218508997429,0.16195372750642673,0.7706940874035991,0.1845758354755784,0.3619537275064267,1.0,288.0,32.299742930591265,35.38165117184068,132.0,7.925434962717482,11.627342722862178,0.6205655526992288,17.0,5.42,2874.0,241.64123883263846,208.4642321324206,1120.0,95.0,4491.0,1022.9026785714287,671.6507563528472,-14.0,314.0,5.703571428571428,30.255001812701693,0.7071428571428572,0.7803571428571429,42.0,293.0,149.97767857142858,42.19888272543011,0.0,26.25,100.0,86.60816506661246,15.689175880382091,0.21607142857142853,0.19642857142857145,0.09196428571428572,0.08303571428571427,0.08928571428571429,0.06339285714285714,0.05178571428571429,0.021428571428571432,0.0,0.048214285714285716,0.02053571428571429,0.029464285714285717,0.016964285714285713,0.01607142857142857,0.010714285714285714,0.00625,0.009821428571428571,0.017857142857142856,0.15982142857142856,0.060714285714285714,0.0625,0.034821428571428566,0.03571428571428571,0.03571428571428571,0.02232142857142857,0.026785714285714284,0.033928571428571426,0.008035714285714285,0.3169642857142857,0.06964285714285715,0.06607142857142857,0.06696428571428571,0.04553571428571429,0.021428571428571432,0.042857142857142864,0.033035714285714286,0.017857142857142856,0.0125
2021-08-30,0.5827774408732566,0.3168799512492383,0.37385804638088543,0.08548585485854858,0.3359756097560976,0.3254257907542579,0.23268529769137306,-0.021250758955676987,0.3680048661800487,0.4665042630937881,0.03696857670979668,0.5158536585365854,0.06211656441717792,0.3981762917933131,-0.06783369803063458,0.4435631482611349,-0.2161520190023753,-0.4106104651162791,0.1089588377723971,-0.7477064220183486,0.6666666666666666,1649.0,6.0,0.6931473620375985,0.7351823320798186,0.0,0.009702850212249849,0.16676773802304426,0.5336567616737417,0.0006064281382656155,0.4372346876895088,3.0,0.0897513644633111,0.44633110976349305,0.22801697998787146,0.2359005457853245,0.6646452395391146,0.1091570648878108,0.08004851425106124,0.09884778653729533,0.04730139478471801,0.12431776834445114,0.2528805336567617,0.6228016979987872,0.13159490600363855,0.3850818677986659,1.0,311.0,28.819284414796854,35.343015290541246,301.0,6.933928571428571,12.330897667168525,0.6791995148574894,15.0,22.33,1844.12,231.3049694085656,189.40351927850784,965.0,106.0,4491.0,1058.322279792746,683.2079283892158,-18.0,306.0,2.938860103626943,24.764228332886837,0.7792746113989637,0.7886010362694301,25.0,295.0,135.79274611398964,42.831312338301736,0.0,15.075376884,100.0,78.34840942161459,17.605712796987227,0.2176165803108808,0.1927461139896373,0.0849740932642487,0.08601036269430051,0.09533678756476684,0.07253886010362694,0.050777202072538864,0.01865284974093264,0.0,0.046632124352331605,0.02383419689119171,0.030051813471502587,0.017616580310880828,0.014507772020725387,0.008290155440414506,0.0051813471502590676,0.010362694300518135,0.014507772020725387,0.1461139896373057,0.06010362694300516,0.05803108808290156,0.035233160621761656,0.04145077720207254,0.03626943005181347,0.022797927461139896,0.022797927461139896,0.04145077720207254,0.008290155440414506,0.33367875647668394,0.0766839378238342,0.06528497409326425,0.06113989637305699,0.043523316062176166,0.02487046632124352,0.04870466321243523,0.027979274611398958,0.017616580310880828,0.011398963730569948
2021-08-31,0.6056884292178409,0.3007175472928897,0.35365853658536583,0.0975130890052356,0.383864671437866,0.3783257624918884,0.20895522388059695,-0.007124352331606219,0.391839378238342,0.5087378640776699,0.09514435695538058,0.5584415584415584,0.043874172185430466,0.4178037686809616,-0.1162280701754386,0.4756966947504861,-0.18169209431345354,-0.3826219512195122,0.07599517490952955,-0.7433155080213903,1.0,1547.0,6.0,0.7259211376858435,0.7352651581352521,1.0,0.008403361344537815,0.2262443438914027,0.4770523594053006,0.0006464124111182935,0.4292178409825469,5.0,0.12669683257918551,0.4117647058823529,0.21073044602456367,0.2501616031027796,0.7123464770523594,0.10277957336780866,0.06722689075630252,0.08274078862314156,0.03490627020038785,0.06658047834518423,0.17970265029088558,0.7537168713639302,0.17065287653522948,0.3800904977375565,1.0,319.0,37.23206205559147,40.18781657881657,139.0,8.797061524334252,12.383581048821002,0.7039431157078216,20.0,0.17,4768.5,221.09686792452828,291.28015788173013,880.0,106.0,4491.0,1065.25,675.9633710145515,-17.0,345.0,1.478409090909091,24.16109165869005,0.8102272727272727,0.825,21.0,280.0,122.41818181818182,47.87336477323204,0.0,17.5,100.0,69.66069444404198,20.872148865060066,0.21818181818181812,0.18181818181818185,0.08295454545454546,0.08068181818181819,0.08522727272727272,0.0715909090909091,0.045454545454545456,0.03409090909090909,0.0,0.05681818181818181,0.027272727272727268,0.02159090909090909,0.017045454545454544,0.01818181818181818,0.0125,0.005681818181818182,0.0125,0.01818181818181818,0.13977272727272727,0.05568181818181818,0.07386363636363638,0.03295454545454545,0.04204545454545455,0.0375,0.028409090909090905,0.02613636363636364,0.035227272727272725,0.011363636363636364,0.3306818181818182,0.075,0.0625,0.0659090909090909,0.040909090909090916,0.022727272727272728,0.045454545454545456,0.0375,0.01818181818181818,0.010227272727272729
2021-09-01,0.6131095123900879,0.32342306147047006,0.353754030400737,0.08632513110125051,0.3615136876006441,0.36611802488960254,0.24528301886792453,-0.015218261914297157,0.38452285485164395,0.4943820224719101,0.04693877551020408,0.5414320193081255,0.08380173735309146,0.38868832731648617,-0.17592592592592593,0.4557165861513688,-0.148576512455516,-0.378908072795147,0.10497237569060773,-0.7972508591065293,0.14285714285714285,2502.0,6.0,0.746203037569944,0.7153536741997552,1.0,0.006394884092725819,0.21982414068745004,0.4548361310951239,0.0007993605115907274,0.4116706634692246,4.0,0.14228617106314947,0.4412470023980815,0.19224620303756995,0.22422062350119903,0.7517985611510791,0.09312549960031974,0.06674660271782575,0.06794564348521183,0.02038369304556355,0.049160671462829736,0.1111111111111111,0.8397282174260592,0.1774580335731415,0.390087929656275,1.0,325.0,42.71223021582734,43.73794598668882,168.0,8.286011440457619,11.28014964983434,0.7685851318944844,35.0,22.33,2850.0,215.9337358490566,211.58899267884107,1144.0,106.0,4491.0,1044.0087412587413,669.569874020994,-17.0,304.0,0.722027972027972,22.32260887362521,0.8208041958041958,0.8015734265734266,21.0,293.0,129.52185314685315,45.28513198683454,0.24388111888111888,10.994764398,100.0,74.7363192389205,18.27045954874725,0.20192307692307693,0.1853146853146853,0.0979020979020979,0.08391608391608392,0.09527972027972027,0.06555944055944056,0.06118881118881119,0.026223776223776224,0.0,0.05419580419580419,0.02097902097902098,0.025349650349650348,0.013986013986013986,0.016608391608391608,0.006993006993006993,0.0034965034965034965,0.009615384615384616,0.012237762237762238,0.16258741258741258,0.06468531468531469,0.06468531468531469,0.03409090909090909,0.045454545454545456,0.04108391608391608,0.026223776223776224,0.0236013986013986,0.03496503496503497,0.006993006993006993,0.3138111888111888,0.0743006993006993,0.06993006993006994,0.06118881118881119,0.03583916083916084,0.024475524475524476,0.04632867132867133,0.024475524475524476,0.017482517482517484,0.01486013986013986
2021-09-02,0.5531075304176257,0.2629139072847682,0.32087580218950545,0.06562810739144846,0.27643354325488895,0.32058047493403696,0.18586992406734895,-0.0899505766062603,0.30207989435457244,0.4158415841584158,-0.032107023411371234,0.4671941971645236,0.03721129170230967,0.33608179419525064,-0.1635150166852058,0.39715608465608465,-0.18574366004112405,-0.3964858670741024,0.0503448275862069,-0.7794759825327511,0.4,3041.0,5.0,0.703058204537981,0.675915937698469,1.0,0.007563301545544229,0.20914172969417955,0.46366326866162444,0.0003288391976323578,0.40841828345938835,4.0,0.11871095034528116,0.4781321933574482,0.20486682012495888,0.19763235777704702,0.7504110489970405,0.09898059848733969,0.06346596514304505,0.06511016113120684,0.022032226241367973,0.039460703715882936,0.08155212101282473,0.8789871752712923,0.16869450838539954,0.381453469253535,1.0,320.0,38.882604406445246,42.15208636347414,178.0,6.243254637436762,9.101486061849233,0.7800065767839527,42.0,10.99,7990.0,225.37875144508675,235.838230878072,1363.0,95.0,4491.0,1005.4284666177549,655.2620653482879,-15.0,520.0,7.960381511371974,40.2215583937196,0.706529713866471,0.780630961115187,27.0,282.0,146.529713866471,41.75596492590139,0.2523844460748349,15.0,100.0,85.00174772684147,15.048623555598363,0.22377109317681584,0.19002201027146,0.10638297872340426,0.07703595011005136,0.09611151870873075,0.06749816581071166,0.06016140865737344,0.024944974321349962,0.0,0.04695524578136464,0.016874541452677916,0.027879677182685254,0.013939838591342627,0.014673514306676448,0.003668378576669112,0.003668378576669112,0.010271460014673514,0.006603081438004402,0.17534849596478358,0.06749816581071166,0.0719002201027146,0.02127659574468085,0.04181951577402788,0.03961848862802641,0.02421129860601614,0.013939838591342627,0.034482758620689655,0.008070432868672046,0.3191489361702128,0.07923697725605282,0.06749816581071166,0.05942773294203962,0.04035216434336023,0.022010271460014674,0.0425531914893617,0.022010271460014674,0.019809244314013204,0.01173881144534116
2021-09-03,0.5290593169562612,0.24488567990373045,0.335405872193437,0.03892576946288473,0.2633955448524985,0.2733553619705617,0.16721705193635544,-0.07438512297540492,0.27744451109778046,0.4243243243243243,-0.055809698078682524,0.4470764617691154,0.05546995377503852,0.3485714285714286,-0.15715715715715717,0.3688647997591087,-0.21100917431192662,-0.37257617728531855,0.02838283828382838,-0.8202020202020202,0.75,3338.0,6.0,0.6132414619532655,0.6884671615108268,0.0,0.006590772917914919,0.19412822049131218,0.49670461354104256,0.0005991611743559018,0.3505092869982025,7.0,0.11803475134811264,0.49850209706411025,0.18993409227082086,0.19352905931695627,0.7549430796884362,0.09107249850209706,0.058418214499700416,0.07279808268424207,0.022768124625524265,0.03055721989215099,0.0665068903535051,0.9029358897543439,0.17405632115038946,0.37297783103654886,1.0,329.0,36.65578190533253,37.8697098168047,271.0,5.018518518518518,7.571887762036109,0.8088675853804673,36.0,22.33,2443.83,224.7417219917012,181.07435900759648,1481.0,95.0,4491.0,1000.0276839972992,656.4784119178329,-19.0,386.0,6.055367994598244,29.557244731158494,0.6866981769074949,0.7852802160702228,43.0,293.0,157.47265361242404,38.1097733658195,0.23902768399729912,33.333333333,100.0,91.84448335948473,11.12855734559683,0.22214719783929776,0.1924375422012154,0.09925725860904794,0.08710330857528698,0.09453072248480757,0.06414584740040513,0.054692775151924375,0.02228224172856178,0.0,0.049966239027684,0.015530047265361242,0.027683997299122215,0.01350438892640108,0.012829169480081027,0.00675219446320054,0.004726536124240378,0.006076975016880486,0.014854827819041188,0.1863605671843349,0.05401755570560432,0.06279540850776502,0.02835921674544227,0.04591492234976367,0.042538825118163405,0.02228224172856178,0.02160702228224173,0.035111411208642807,0.008777852802160702,0.30925050641458474,0.07832545577312626,0.06414584740040513,0.07022282241728561,0.03443619176232275,0.02160702228224173,0.03916272788656313,0.024983119513842,0.01688048615800135,0.014179608372721135
2021-09-04,0.6205016357688113,0.3216245883644347,0.3789341166596727,0.12751923781604985,0.3746345029239766,0.3718556325191396,0.25866472090477927,0.007285974499089253,0.3879781420765027,0.5032822757111597,0.07706489675516225,0.5795040116703136,0.128538283062645,0.4366557137641475,-0.10025380710659898,0.4669345999269273,-0.09112903225806451,-0.3103890551517743,0.12472647702407003,-0.7253731343283583,0.13333333333333333,2751.0,6.0,0.6906579425663395,0.7310639591777934,1.0,0.0036350418029807343,0.20029080334423846,0.4547437295528899,0.0,0.39331152308251544,12.0,0.15230825154489278,0.44601962922573607,0.1901126862958924,0.21155943293347873,0.7880770628862231,0.08760450745183569,0.05270810614322065,0.05161759360232643,0.019992729916394038,0.021083242457288258,0.05707015630679753,0.9218466012359142,0.18974918211559433,0.3678662304616503,1.0,324.0,42.14067611777536,43.147959220011664,109.0,6.482591876208898,7.688995060784725,0.7517266448564158,51.0,25.14,6636.0,214.06898651587645,278.25424401448174,1175.0,95.0,4491.0,1015.6689361702128,665.1801770847635,-18.0,214.0,1.7957446808510638,17.188973197781213,0.7353191489361702,0.8374468085106384,30.0,293.0,143.7191489361702,43.94618165129057,0.24595744680851064,20.382165605,100.0,83.87632103810377,17.58834911182804,0.2051063829787234,0.1804255319148936,0.10808510638297872,0.08340425531914894,0.09531914893617022,0.06553191489361702,0.059574468085106386,0.02127659574468085,0.0,0.05106382978723404,0.01872340425531915,0.02893617021276596,0.01957446808510638,0.01702127659574468,0.005957446808510639,0.002553191489361702,0.00851063829787234,0.017872340425531916,0.1753191489361702,0.05446808510638298,0.06553191489361702,0.029787234042553193,0.04595744680851064,0.033191489361702124,0.02297872340425532,0.023829787234042554,0.03148936170212766,0.010212765957446808,0.31574468085106383,0.07659574468085106,0.06382978723404255,0.06638297872340425,0.033191489361702124,0.02553191489361702,0.03659574468085106,0.02893617021276596,0.017872340425531916,0.013617021276595745
2021-09-05,0.5942437923250564,0.30489192263936293,0.35883547731888965,0.11193603655054254,0.3530751708428246,0.32349602724177073,0.21384004537719795,-0.04365079365079365,0.34069043576683644,0.46458923512747874,0.019009216589861752,0.5505107832009081,0.08522727272727272,0.3981797497155859,-0.18590998043052837,0.40805902383654935,-0.18476903870162298,-0.36495388669301715,0.0756578947368421,-0.8153846153846154,0.4,1772.0,4.0,0.7708803611738149,0.7366264559803948,1.0,0.006207674943566591,0.19977426636568849,0.45372460496614,0.001128668171557562,0.4305869074492099,7.0,0.15011286681715574,0.4288939051918736,0.18905191873589164,0.231941309255079,0.7787810383747178,0.10045146726862303,0.05304740406320542,0.050790067720090294,0.016930022573363433,0.03160270880361174,0.08521444695259593,0.8831828442437923,0.20090293453724606,0.3391647855530474,1.0,322.0,42.21049661399549,46.390959349950926,205.0,8.148804251550045,10.84297174423244,0.6371331828442438,35.0,23.26,2809.3,217.15967698519518,194.87078449991617,957.0,95.0,4491.0,1063.0867293625915,698.0917952562116,-22.0,250.0,0.7774294670846394,19.653100101374697,0.8171368861024033,0.8223615464994776,23.0,285.0,140.0846394984326,43.71455700260165,0.3375130616509927,17.424242424000003,100.0,81.08978103722777,17.82603781794184,0.20689655172413793,0.18808777429467086,0.09717868338557993,0.08881922675026123,0.08881922675026123,0.06896551724137931,0.04806687565308255,0.02612330198537095,0.0,0.05642633228840126,0.025078369905956112,0.02612330198537095,0.018808777429467086,0.018808777429467086,0.0073145245559038665,0.0041797283176593526,0.0041797283176593526,0.014629049111807733,0.1400208986415883,0.05747126436781609,0.06060606060606061,0.03761755485893417,0.038662486938349006,0.04179728317659352,0.02089864158829676,0.025078369905956112,0.035527690700104496,0.008359456635318705,0.3343782654127482,0.07314524555903866,0.07732497387669801,0.051201671891327065,0.038662486938349006,0.029258098223615466,0.04179728317659352,0.03134796238244514,0.022988505747126436,0.01044932079414838
2021-09-06,0.5517482517482517,0.2616033755274262,0.3106796116504854,0.05500705218617771,0.31448763250883394,0.2904128761371588,0.17146872803935348,-0.06320224719101124,0.314646110721794,0.44452247191011235,-0.0412224591329069,0.49229691876750703,0.08362989323843416,0.35719298245614034,-0.16517857142857142,0.3771991555242787,-0.17877906976744187,-0.40860215053763443,0.08620689655172414,-0.7830188679245284,0.3333333333333333,1430.0,4.0,0.7020979020979021,0.7230551512713682,1.0,0.005594405594405594,0.15454545454545454,0.5020979020979021,0.0006993006993006993,0.3797202797202797,4.0,0.08181818181818182,0.4916083916083916,0.1874125874125874,0.23846153846153847,0.7027972027972028,0.11958041958041958,0.07132867132867132,0.07132867132867132,0.03496503496503497,0.04965034965034965,0.13636363636363635,0.813986013986014,0.18321678321678322,0.36713286713286714,1.0,288.0,32.574125874125876,37.258742406238476,129.0,6.792600896860987,8.81997472618285,0.6237762237762238,29.0,15.32,6440.0,264.0300882117081,288.9314335115159,869.0,95.0,4491.0,1067.0943613348677,682.126441262242,-17.0,245.0,1.2968929804372842,20.736091380176088,0.7963176064441887,0.7963176064441887,37.0,290.0,159.51553509781357,39.77406004989613,0.2140391254315305,27.35042735,100.0,91.03863421510688,12.587077095809116,0.2243958573072497,0.1760644418872267,0.09205983889528194,0.09321058688147296,0.07710011507479862,0.07940161104718067,0.04833141542002301,0.02991944764096663,0.0,0.04487917146144994,0.02186421173762946,0.028768699654775604,0.01380897583429229,0.01726121979286536,0.00805523590333717,0.0011507479861910242,0.010356731875719217,0.01726121979286536,0.1518987341772152,0.05753739930955121,0.05638665132336018,0.0379746835443038,0.0379746835443038,0.039125431530494824,0.026467203682393557,0.023014959723820484,0.0379746835443038,0.010356731875719217,0.32105868814729577,0.06098964326812428,0.07825086306098965,0.05638665132336018,0.04257767548906789,0.026467203682393557,0.05178365937859609,0.03567318757192175,0.018411967779056387,0.01380897583429229
2021-09-07,0.5747599451303155,0.24343015214384509,0.31266846361185985,0.03551660516605166,0.27867342238599724,0.3100597152044097,0.15540229885057472,-0.11529627928341754,0.28971533516988063,0.4250919117647059,-0.011671335200746966,0.5146923783287419,0.03865030674846626,0.3429885057471264,-0.14669051878354203,0.3916244822825587,-0.25025125628140704,-0.46922246220302377,-0.0009615384615384616,-0.8305084745762712,0.2,2187.0,4.0,0.66026520347508,0.6785759017450351,1.0,0.00411522633744856,0.21764974851394606,0.5098308184727938,0.0004572473708276177,0.44170096021947874,6.0,0.12802926383173296,0.46227709190672156,0.21033379058070417,0.19890260631001372,0.7133058984910837,0.09922267946959305,0.0745313214449017,0.08139003200731595,0.03155006858710562,0.0850480109739369,0.20941929583904892,0.7055326931870142,0.13305898491083676,0.3772290809327846,1.0,315.0,38.94787379972565,42.59871511627684,238.0,6.789575289575289,9.968533594350486,0.710562414266118,44.0,26.0,3219.94,226.98278128286015,219.39504794982585,1088.0,95.0,3408.0,983.9806985294117,638.47996137753,-15.0,214.0,0.8409926470588235,15.74396955937753,0.7794117647058824,0.7398897058823529,39.0,291.0,155.5670955882353,40.706266026946516,0.24632352941176472,26.701570681,100.0,89.96385926925824,12.446305077874142,0.23069852941176472,0.18106617647058823,0.09558823529411764,0.07169117647058823,0.09375,0.07352941176470588,0.058823529411764705,0.02665441176470588,0.0,0.05238970588235294,0.024816176470588234,0.022058823529411766,0.011948529411764705,0.012867647058823529,0.0055147058823529415,0.003676470588235294,0.011029411764705883,0.013786764705882353,0.16819852941176472,0.058823529411764705,0.06158088235294118,0.027573529411764705,0.04871323529411765,0.03125,0.02665441176470588,0.022058823529411766,0.03125,0.011029411764705883,0.328125,0.07628676470588236,0.06709558823529412,0.06893382352941177,0.034926470588235295,0.027573529411764705,0.03768382352941176,0.03125,0.02297794117647059,0.011948529411764705
2021-09-08,0.6104257859132511,0.3323977546110666,0.35119617224880384,0.09552599758162031,0.36123348017621143,0.38935574229691877,0.23921725239616615,-0.0407185628742515,0.38784486205517793,0.513189448441247,0.039319010944466964,0.5355431309904153,0.07469752761704367,0.4112,-0.11093990755007704,0.46434294871794873,-0.13922859830667922,-0.3997194950911641,0.08753943217665615,-0.8039867109634552,0.29411764705882354,2513.0,6.0,0.7536808595304417,0.683788753151761,1.0,0.005968961400716275,0.25228810187027456,0.4448865897333864,0.0,0.4385196975726224,3.0,0.12813370473537605,0.45403899721448465,0.20573020294468763,0.2116991643454039,0.7560684440907283,0.10584958217270195,0.05451651412654198,0.05968961400716275,0.0238758456028651,0.05372065260644648,0.15519299641862316,0.7910863509749304,0.1579785117389574,0.39594110624751294,1.0,324.0,45.339434938320736,46.172479628010514,203.0,7.754658385093168,10.834800847822743,0.7688022284122563,39.0,22.33,3184.0,217.86744000000002,216.0777236591286,1111.0,95.0,4491.0,1010.9414941494149,654.5885050842214,-18.0,312.0,1.1998199819981998,19.525858114374888,0.783978397839784,0.738073807380738,25.0,290.0,134.25922592259226,45.41547284587794,0.23492349234923493,21.989528796,100.0,77.21490981985419,18.663559358999343,0.23402340234023403,0.1791179117911791,0.0999099909990999,0.07650765076507651,0.0963096309630963,0.063006300630063,0.054005400540054004,0.0306030603060306,0.0,0.046804680468046804,0.025202520252025202,0.026102610261026102,0.0144014401440144,0.012601260126012601,0.0063006300630063005,0.0027002700270027003,0.009000900090009001,0.013501350135013501,0.15211521152115212,0.0639063906390639,0.0675067506750675,0.025202520252025202,0.0423042304230423,0.0387038703870387,0.024302430243024302,0.019801980198019802,0.0306030603060306,0.008100810081008101,0.3321332133213321,0.07560756075607561,0.07650765076507651,0.0639063906390639,0.032403240324032405,0.026102610261026102,0.045004500450045004,0.0333033303330333,0.021602160216021602,0.010801080108010801
2021-09-09,0.6263582194181563,0.33368532206969376,0.38467943380516234,0.1015929203539823,0.34061289186333216,0.3757894736842105,0.24736472241742796,-0.036491228070175435,0.384966631541974,0.4880450070323488,0.06664290805416964,0.5124868097080548,0.06601123595505617,0.40351493848857645,-0.12790697674418605,0.4636042402826855,-0.16769706336939721,-0.39153878058896724,0.09104046242774566,-0.7988165680473372,0.6666666666666666,2853.0,6.0,0.6992639327024185,0.694591521887964,1.0,0.006309148264984227,0.2302839116719243,0.46302138100245355,0.0003505082369435682,0.40063091482649843,6.0,0.13003855590606378,0.46302138100245355,0.20995443392919733,0.19663512092534174,0.763757448300035,0.08307045215562565,0.05538030143708377,0.07360672975814932,0.024185068349106203,0.041359971959341046,0.09849281458114266,0.8601472134595163,0.1640378548895899,0.39852786540483703,1.0,331.0,41.97406239046617,42.40165620614549,275.0,6.2411687745311815,10.61637975263782,0.8037153873116019,41.0,5.22,2760.83,209.66188986232788,198.79921658736686,1248.0,95.0,4491.0,1012.6995192307693,654.323377890948,-25.0,303.0,2.4943910256410255,24.386028720189866,0.7836538461538461,0.7243589743589743,29.0,287.0,135.68669871794873,41.72669025203788,0.31810897435897434,21.96969697,100.0,79.03558381785578,16.750812170120735,0.21794871794871795,0.19230769230769232,0.10657051282051282,0.07692307692307693,0.09375,0.06169871794871795,0.057692307692307696,0.026442307692307692,0.0,0.052884615384615384,0.020032051282051284,0.02403846153846154,0.016826923076923076,0.01282051282051282,0.003205128205128205,0.003205128205128205,0.01201923076923077,0.01282051282051282,0.17467948717948717,0.0625,0.0673076923076923,0.02564102564102564,0.052884615384615384,0.03766025641025641,0.02564102564102564,0.020833333333333332,0.038461538461538464,0.007211538461538462,0.29967948717948717,0.07451923076923077,0.07371794871794872,0.060897435897435896,0.03926282051282051,0.02564102564102564,0.04326923076923077,0.029647435897435896,0.01842948717948718,0.010416666666666666
2021-09-10,0.609967497291441,0.3150833937635968,0.3916839916839917,0.09846827133479212,0.3447148565201598,0.36979355306048534,0.22733865119651922,-0.054690329590728,0.3435916002896452,0.49165457184325106,0.04884318766066838,0.5698729582577132,0.10269516728624535,0.41530649256438157,-0.07421875,0.46265938069216755,-0.15298804780876493,-0.3309291472210437,0.12605687932359724,-0.8027210884353742,0.8,2769.0,5.0,0.6442759118815456,0.7011066224900928,0.0,0.004694835680751174,0.22029613578909354,0.4709281328999639,0.00036114120621162876,0.38425424340917297,5.0,0.13723365836041893,0.48320693391115926,0.18815456843625858,0.19104369808595162,0.7728421812928855,0.09786926688335139,0.04875406283856988,0.058143734200072225,0.02239075478512098,0.033224990971469845,0.08739617190321415,0.879378837125316,0.1643192488262911,0.37703141928494044,1.0,325.0,40.391115926327195,42.05898959813248,212.0,5.6794814483683504,8.938949869850857,0.8078728782954135,38.0,10.06,3020.91,206.7793860025762,192.85579880016925,1236.0,106.0,4491.0,1017.205501618123,667.3218319300796,-21.0,283.0,1.3786407766990292,19.921684645698924,0.7807443365695793,0.8131067961165048,35.0,295.0,145.82362459546925,41.05662674065304,0.3422330097087379,21.465968586,100.0,84.31126528685682,15.702241680361784,0.2313915857605178,0.19498381877022652,0.09142394822006472,0.08576051779935275,0.09061488673139159,0.07119741100323625,0.045307443365695796,0.030744336569579287,0.0,0.049352750809061485,0.0186084142394822,0.023462783171521034,0.012944983818770227,0.014563106796116505,0.007281553398058253,0.003236245954692557,0.0048543689320388345,0.014563106796116505,0.1755663430420712,0.06229773462783172,0.06634304207119741,0.02831715210355987,0.045307443365695796,0.038834951456310676,0.025889967637540454,0.023462783171521034,0.03640776699029126,0.012135922330097087,0.2977346278317152,0.07362459546925566,0.06877022653721683,0.06634304207119741,0.03640776699029126,0.022653721682847898,0.04449838187702265,0.032362459546925564,0.015372168284789644,0.011326860841423949
2021-09-11,0.6266018559434379,0.3271193963604083,0.39114583333333336,0.13941018766756033,0.38632326820603907,0.4034543844109832,0.26173604960141716,-0.024368630926007974,0.4030115146147033,0.5123893805309735,0.0952808988764045,0.5878707392651615,0.12184166198764738,0.4563192904656319,-0.0598159509202454,0.49822380106571934,-0.162217659137577,-0.3798767967145791,0.06343612334801763,-0.7872340425531915,0.18181818181818182,2263.0,5.0,0.7481219619973487,0.6898370232372742,1.0,0.003977021652673442,0.21741051701281486,0.44498453380468406,0.0,0.4228899690676094,7.0,0.16394167034909413,0.4206805125939019,0.20194432169686258,0.21343349536014142,0.7852408307556341,0.09191338930623066,0.05081749889527176,0.0547945205479452,0.01723376049491825,0.029164825452938577,0.09854175872735307,0.8722934158197083,0.1780821917808219,0.37207247017233763,1.0,316.0,47.489615554573575,48.70250869072255,90.0,7.236826524570752,7.567127296108119,0.7463543968183827,49.0,18.74,2534.46,204.2794389092816,190.63725007321432,1039.0,95.0,4491.0,1055.5909528392685,674.7559390035591,-20.0,325.0,0.25120307988450435,19.15652582520796,0.8209817131857555,0.8498556304138595,16.0,286.0,130.8267564966314,45.31005171361383,0.2714148219441771,14.545454545,100.0,74.96939643353501,19.29444657583788,0.23099133782483156,0.19249278152069296,0.09432146294513956,0.08084696823869104,0.07988450433108758,0.06256015399422522,0.04716073147256978,0.028873917228103944,0.0,0.05293551491819057,0.025024061597690085,0.02598652550529355,0.015399422521655439,0.01828681424446583,0.0038498556304138597,0.005774783445620789,0.007699711260827719,0.016361886429258902,0.15784408084696824,0.06063522617901829,0.0712223291626564,0.028873917228103944,0.04523580365736285,0.04331087584215592,0.030798845043310877,0.021174205967276226,0.03657362848893166,0.009624639076034648,0.30991337824831566,0.0712223291626564,0.0741097208854668,0.06352261790182868,0.04331087584215592,0.021174205967276226,0.04427333974975938,0.03176130895091434,0.019249278152069296,0.014436958614051972
2021-09-12,0.5654936461388075,0.28480392156862744,0.3191368540601931,0.04397233201581028,0.28232971372161897,0.3125613346418057,0.18658178256611166,-0.07729941291585127,0.31259186673199413,0.4336109750122489,-0.01990049751243781,0.47386587771203154,0.04459798994974874,0.37892156862745097,-0.1486013986013986,0.4117936117936118,-0.16630669546436286,-0.3988505747126437,0.06275720164609054,-0.7979094076655052,0.6666666666666666,2046.0,6.0,0.761485826001955,0.698445736258921,1.0,0.005865102639296188,0.1827956989247312,0.5004887585532747,0.0004887585532746823,0.4345063538611926,2.0,0.10215053763440861,0.4780058651026393,0.21945259042033236,0.20039100684261973,0.7140762463343109,0.10801564027370479,0.0718475073313783,0.07624633431085044,0.029814271749755622,0.07380254154447703,0.22482893450635386,0.7013685239491692,0.14076246334310852,0.37390029325513197,1.0,325.0,38.5405669599218,43.676506600490114,92.0,6.737430167597766,7.4829073218057625,0.6999022482893451,44.0,31.0,3650.0,242.5818156424581,231.12392465276554,1075.0,95.0,4491.0,1000.4641860465116,661.3468942229106,-16.0,263.0,2.685581395348837,21.2569131379906,0.7293023255813953,0.7730232558139535,39.0,304.0,157.41953488372093,40.682650067851384,0.23069767441860464,24.607329843000002,100.0,90.42862900010887,13.928399743612342,0.24651162790697675,0.20372093023255813,0.09581395348837209,0.07162790697674419,0.08372093023255814,0.07069767441860465,0.04930232558139535,0.023255813953488372,0.0,0.04093023255813953,0.01953488372093023,0.018604651162790697,0.012093023255813953,0.01674418604651163,0.004651162790697674,0.0027906976744186047,0.005581395348837209,0.01674418604651163,0.17116279069767443,0.059534883720930236,0.06976744186046512,0.027906976744186046,0.04930232558139535,0.035348837209302326,0.02883720930232558,0.027906976744186046,0.026046511627906978,0.010232558139534883,0.3218604651162791,0.06325581395348837,0.06511627906976744,0.06511627906976744,0.04372093023255814,0.024186046511627906,0.03813953488372093,0.026976744186046512,0.020465116279069766,0.012093023255813953
2021-09-13,0.587170201758924,0.2892690513219285,0.3548581774290887,0.0594059405940594,0.2819176654507556,0.3361038961038961,0.21513737687921203,-0.06055900621118013,0.31431535269709543,0.46839378238341967,0.034446210916799155,0.48078920041536866,0.05281207133058985,0.4094693028095734,-0.11233885819521179,0.4418483904465213,-0.20280474649406688,-0.4063068526379624,0.07021063189568706,-0.7866108786610879,0.0,1933.0,4.0,0.6590791515778582,0.7028237783402906,0.0,0.005173305742369374,0.18210036213140196,0.5069839627521987,0.0,0.44180031039834455,1.0,0.1024314536989136,0.47128815312984995,0.2115882048629074,0.21469218830832903,0.6927056389032592,0.12364200724262804,0.0677703052250388,0.08277289187790998,0.03310915675116399,0.11950336264873254,0.2545266425245732,0.6259699948266942,0.1298499741334713,0.3445421624418003,1.0,314.0,33.12519399896534,38.55773079505991,205.0,5.832122093023256,8.318663363064498,0.7118468701500259,32.0,22.96,1900.0,219.96493975903616,192.02216495220713,1103.0,106.0,4491.0,1000.453309156845,661.8675698255441,-15.0,389.0,1.3408884859474162,20.38432518344593,0.7742520398912058,0.7751586582048957,28.0,297.0,141.96101541251133,42.59288263591236,0.2456935630099728,14.070351759000001,100.0,82.31712339692209,17.703085439129623,0.22756119673617406,0.1840435176790571,0.10244786944696282,0.09066183136899365,0.08975521305530372,0.08068902991840435,0.05349048050770626,0.022665457842248413,0.0,0.04623753399818677,0.019945602901178604,0.01813236627379873,0.009972801450589302,0.012692656391659111,0.005439709882139619,0.004533091568449683,0.008159564823209429,0.010879419764279238,0.14324569356300998,0.061650045330915684,0.061650045330915684,0.02901178603807797,0.044424297370806894,0.03535811423390753,0.02629193109700816,0.028105167724388033,0.028105167724388033,0.008159564823209429,0.3300090661831369,0.0815956482320943,0.06708975521305531,0.06708975521305531,0.03445149592021759,0.014505893019038985,0.04079782411604715,0.029918404351767906,0.017225747960108794,0.015412511332728921
2021-09-14,0.6346499102333932,0.37149321266968327,0.41358695652173916,0.15043044857272314,0.40894713059195664,0.4073907165389815,0.27720090293453725,-0.006314839873703203,0.43679712100764734,0.5344749887336638,0.08122992198256081,0.6058558558558559,0.09036860879904875,0.4484162895927602,-0.008460236886632826,0.5009057971014492,-0.11134676564156946,-0.37927350427350426,0.13100436681222707,-0.759090909090909,0.3333333333333333,2228.0,6.0,0.7028725314183124,0.6890319168205215,1.0,0.004488330341113106,0.2324955116696589,0.44389587073608616,0.0,0.4447935368043088,2.0,0.1359964093357271,0.4524236983842011,0.19614003590664272,0.21499102333931777,0.7544883303411131,0.10412926391382406,0.05385996409335727,0.06104129263913824,0.026481149012567325,0.06732495511669659,0.1826750448833034,0.75,0.144524236983842,0.3720825852782765,1.0,323.0,42.22945666816345,45.08702649886874,316.0,8.140266021765417,14.791297826737317,0.7423698384201077,40.0,23.25,3500.0,215.86126111983253,230.48993672421201,1098.0,106.0,4491.0,1008.7103825136612,659.4646387452241,-22.0,290.0,0.40710382513661203,22.35466634044206,0.8415300546448088,0.8442622950819673,21.0,280.0,117.9608378870674,45.18757942814969,0.24863387978142076,16.239316239,100.0,67.3528475273907,20.303192458454596,0.24316939890710382,0.18214936247723132,0.09289617486338798,0.08925318761384335,0.0883424408014572,0.09289617486338798,0.04918032786885246,0.023679417122040074,0.0,0.04007285974499089,0.01639344262295082,0.02185792349726776,0.01366120218579235,0.014571948998178506,0.00546448087431694,0.00546448087431694,0.007285974499089253,0.00546448087431694,0.1575591985428051,0.060109289617486336,0.07194899817850638,0.029143897996357013,0.040983606557377046,0.03278688524590164,0.030054644808743168,0.017304189435336976,0.03460837887067395,0.007285974499089253,0.32604735883424407,0.07923497267759563,0.06830601092896176,0.075591985428051,0.033697632058287796,0.02185792349726776,0.03551912568306011,0.029143897996357013,0.018214936247723135,0.010018214936247723
2021-09-15,0.5959079283887468,0.30518645520788684,0.35477386934673366,0.09317303563761271,0.31432246998284735,0.3683083511777302,0.2249786142001711,-0.07981220657276995,0.3765008576329331,0.4967962409226826,0.06716092455298735,0.521181001283697,0.021848739495798318,0.382441113490364,-0.13076923076923078,0.45622317596566525,-0.18225190839694658,-0.3965341488277268,0.024390243902439025,-0.8132295719844358,0.16666666666666666,2346.0,6.0,0.7041773231031543,0.6801163396758437,1.0,0.004688832054560955,0.22634271099744246,0.47357203751065646,0.0,0.45439045183290705,2.0,0.13043478260869565,0.46675191815856776,0.20971867007672634,0.1926683716965047,0.7681159420289855,0.09931798806479114,0.050724637681159424,0.06223358908780904,0.0196078431372549,0.05029838022165388,0.1517476555839727,0.7979539641943734,0.1517476555839727,0.3670076726342711,1.0,291.0,39.402558635394456,40.87107207671142,233.0,7.315038419319429,11.39889220576136,0.7766410912190963,39.0,23.26,3975.0,214.50749374687342,228.7311489836643,1131.0,106.0,4491.0,1021.8832891246684,655.2319960650598,-17.0,177.0,0.15030946065428824,15.51329567901364,0.8099027409372237,0.7674624226348364,27.0,290.0,131.93633952254643,44.117315610512215,0.246684350132626,18.32460733,100.0,75.58046260147484,18.782003455272257,0.22369584438549955,0.20159151193633953,0.09814323607427056,0.08841732979664015,0.07780725022104333,0.07515473032714412,0.05747126436781609,0.027409372236958444,0.0,0.038903625110521665,0.01768346595932803,0.02564102564102564,0.015030946065428824,0.015030946065428824,0.0017683465959328027,0.005305039787798408,0.008841732979664015,0.010610079575596816,0.14588859416445624,0.0627763041556145,0.0671971706454465,0.03359858532272325,0.04597701149425287,0.03801945181255526,0.027409372236958444,0.029177718832891247,0.032714412024756855,0.007073386383731211,0.3209549071618037,0.07780725022104333,0.07692307692307693,0.0645446507515473,0.034482758620689655,0.022104332449160036,0.03801945181255526,0.023872679045092837,0.022988505747126436,0.010610079575596816
2021-09-16,0.5894532513749595,0.31176853055916776,0.36213991769547327,0.058207979071288427,0.29642857142857143,0.34436871145731907,0.20818447547905164,-0.07045454545454545,0.3463414634146341,0.4668831168831169,0.017578772802653398,0.49772579597141,0.06281618887015177,0.3931124106562703,-0.11635944700460829,0.4384765625,-0.17987152034261242,-0.37855495772482706,0.06219765031098825,-0.7889182058047494,0.6,3091.0,4.0,0.6868327402135231,0.6704232572485608,1.0,0.0038822387576835974,0.2374636040116467,0.4694273697832417,0.00032351989647363315,0.3937237140084115,6.0,0.1258492397282433,0.47686832740213525,0.20187641539954707,0.19475897767712713,0.7783888709155613,0.09252669039145907,0.05791006146878033,0.05499838240051763,0.016175994823681657,0.03202846975088968,0.10999676480103526,0.857974765448075,0.16305402782271108,0.379165318667098,1.0,330.0,42.65286315108379,41.86596938188763,213.0,5.4586316626889415,7.124893383580238,0.8133290197347137,37.0,23.26,6103.64,221.4509576923077,270.04123269937384,1382.0,95.0,4491.0,1001.5687409551375,649.6644725106836,-18.0,360.0,2.8965267727930537,23.0592569044443,0.7467438494934877,0.7185238784370478,31.0,275.0,146.57452966714905,40.16758723204137,0.2272069464544139,17.222222222,100.0,84.4781147283799,15.523222867281866,0.2301013024602026,0.20043415340086831,0.09261939218523878,0.08321273516642547,0.08321273516642547,0.08465991316931983,0.059334298118668596,0.02243125904486252,0.0,0.03690303907380608,0.01808972503617945,0.019536903039073805,0.013748191027496382,0.016642547033285094,0.004341534008683068,0.006512301013024602,0.007959479015918957,0.010130246020260492,0.1736613603473227,0.06439942112879884,0.06729377713458755,0.02532561505065123,0.04630969609261939,0.03979739507959479,0.02532561505065123,0.02243125904486252,0.03328509406657019,0.007959479015918957,0.3191027496382055,0.07308248914616498,0.06439942112879884,0.06295224312590449,0.03690303907380608,0.02170767004341534,0.04052098408104197,0.027496382054992764,0.019536903039073805,0.011577424023154847
2021-09-17,0.538755980861244,0.2605203983295856,0.33825701624815363,0.01765650080256822,0.25827176357211695,0.31614349775784756,0.18423582185197052,-0.09024,0.304,0.43112815596037074,-0.0019524894240156199,0.440987812700449,0.053874844591794445,0.3687240166293572,-0.11720430107526882,0.41789608723540733,-0.21540558963871848,-0.3880597014925373,0.015394912985274432,-0.8053097345132744,0.0,3135.0,4.0,0.6401913875598086,0.6825699131933411,0.0,0.006379585326953748,0.21626794258373205,0.48548644338118024,0.0006379585326953748,0.3751196172248804,3.0,0.13556618819776714,0.48708133971291867,0.18564593301435406,0.19106858054226475,0.7422647527910686,0.11578947368421053,0.06251993620414673,0.05422647527910686,0.025199362041467305,0.0328548644338118,0.0963317384370016,0.8708133971291866,0.16299840510366825,0.37097288676236045,1.0,291.0,40.9866028708134,41.435218031739254,176.0,4.964243614931238,6.661212770176258,0.8118022328548644,36.0,14.86,3656.96,211.0306373292868,207.0435304003877,1408.0,106.0,4491.0,990.8288352272727,650.9177839345624,-21.0,376.0,3.9296875,22.372564791265546,0.6811079545454546,0.6967329545454546,27.0,304.0,150.2840909090909,40.00764287001264,0.22230113636363635,21.212121212,100.0,87.40154410159866,14.918363780655595,0.23295454545454544,0.19602272727272727,0.08664772727272728,0.07599431818181818,0.09090909090909091,0.07670454545454546,0.061079545454545456,0.024147727272727272,0.0,0.04971590909090909,0.016335227272727272,0.018465909090909092,0.01278409090909091,0.017045454545454544,0.004261363636363636,0.005681818181818182,0.004261363636363636,0.011363636363636364,0.1768465909090909,0.06747159090909091,0.06605113636363637,0.02556818181818182,0.037642045454545456,0.0390625,0.02130681818181818,0.02556818181818182,0.03480113636363636,0.0078125,0.3096590909090909,0.07244318181818182,0.07102272727272728,0.0625,0.036931818181818184,0.018465909090909092,0.041193181818181816,0.022727272727272728,0.017045454545454544,0.014204545454545454
2021-09-18,0.6069670579326013,0.31819916062571535,0.37777777777777777,0.08052147239263803,0.3235406333460511,0.36629897299353364,0.23211567732115676,-0.030003797949107482,0.3614916286149163,0.47072243346007603,0.08213870592793492,0.48191853825656644,0.09882583170254403,0.4162861491628615,-0.09878213802435724,0.45153933865450396,-0.1503957783641161,-0.37112488928255094,0.1048951048951049,-0.8571428571428571,0.11764705882352941,2641.0,5.0,0.7394926164331692,0.7174161655452247,1.0,0.0041650889814464215,0.23324498296099963,0.45323741007194246,0.0003786444528587656,0.40931465354032565,2.0,0.15070049223778872,0.4335478985232866,0.19538053767512306,0.21999242711094283,0.7750851950018932,0.09201060204468005,0.05528209011737978,0.0594471790988262,0.01817493373722075,0.025747822794396063,0.08292313517606967,0.8913290420295342,0.1881862930708065,0.3759939416887543,1.0,324.0,46.75956077243468,48.30779754287467,112.0,6.87302396736359,7.528089675826292,0.7425217720560394,51.0,22.33,1683.03,198.31334084761045,177.42036250642124,1167.0,106.0,4491.0,993.5535561268209,654.7051595729768,-16.0,309.0,4.269065981148243,25.674261014281093,0.7069408740359897,0.7017994858611826,28.0,305.0,135.97086546700942,44.74934009139882,0.23393316195372751,21.212121212,100.0,78.36691310873945,18.809356628197467,0.23821765209940018,0.20651242502142245,0.08911739502999143,0.08483290488431877,0.08826049700085689,0.07197943444730077,0.056555269922879174,0.017994858611825194,0.0,0.03941730934018852,0.016281062553556127,0.017994858611825194,0.013710368466152529,0.01456726649528706,0.005998286203941731,0.006855184233076264,0.004284490145672665,0.012853470437017995,0.18337617823479005,0.06341045415595545,0.06255355612682091,0.031705227077977724,0.04284490145672665,0.030848329048843187,0.02313624678663239,0.023993144815766924,0.031705227077977724,0.007712082262210797,0.3093401885175664,0.0702656383890317,0.07540702656383891,0.05312767780634105,0.038560411311053984,0.026563838903170524,0.03513281919451585,0.027420736932305057,0.017994858611825194,0.012853470437017995
2021-09-19,0.49696969696969695,0.23466801824632538,0.2932636469221835,-0.030737704918032786,0.20701932858596134,0.2665655032878098,0.1434363912823112,-0.1413373860182371,0.25367088607594934,0.3638663967611336,-0.06615384615384616,0.3877344145970603,-0.045662100456621,0.33046122655854027,-0.16988416988416988,0.34791454730417093,-0.21871599564744287,-0.48152634766807995,-0.008724100327153763,-0.8532110091743119,0.07692307692307693,1980.0,6.0,0.7696969696969697,0.7147411317305568,1.0,0.0065656565656565654,0.16111111111111112,0.5070707070707071,0.0,0.4161616161616162,5.0,0.09747474747474748,0.4863636363636364,0.20757575757575758,0.2080808080808081,0.7212121212121212,0.11616161616161616,0.06666666666666667,0.0702020202020202,0.025757575757575757,0.06515151515151515,0.198989898989899,0.7358585858585859,0.147979797979798,0.3924242424242424,1.0,304.0,40.75707070707071,44.83047711239938,274.0,6.533333333333333,11.644765943894786,0.7045454545454546,33.0,23.26,4100.0,243.39151338766007,258.84130012986896,1088.0,95.0,3408.0,1012.0919117647059,659.4691871799349,-12.0,510.0,6.1481140754369825,28.32072875791229,0.6185661764705882,0.6498161764705882,33.0,293.0,160.89981617647058,37.88177124188469,0.21323529411764705,24.203821656,100.0,92.25352175577478,12.020380042611004,0.23713235294117646,0.21415441176470587,0.08088235294117647,0.0818014705882353,0.08455882352941177,0.08272058823529412,0.050551470588235295,0.022058823529411766,0.0,0.03768382352941176,0.019301470588235295,0.021139705882352942,0.012867647058823529,0.014705882352941176,0.007352941176470588,0.007352941176470588,0.0027573529411764708,0.01011029411764706,0.1645220588235294,0.06158088235294118,0.0625,0.03768382352941176,0.043198529411764705,0.03676470588235294,0.02665441176470588,0.02389705882352941,0.03308823529411765,0.008272058823529412,0.32536764705882354,0.07996323529411764,0.057904411764705885,0.06158088235294118,0.04503676470588235,0.02297794117647059,0.03676470588235294,0.022058823529411766,0.021139705882352942,0.013786764705882353
2021-09-20,0.5425584868093579,0.2606303151575788,0.34062140391254314,-0.0010005002501250625,0.24060150375939848,0.3013972055888224,0.17423864203694459,-0.09226932668329177,0.3106893106893107,0.42671335667833915,0.01514386673397274,0.38630684657671166,0.04664914586070959,0.37031484257871067,-0.11867364746945899,0.4209209209209209,-0.1954498448810755,-0.4056321150389455,0.040123456790123455,-0.7796052631578947,0.4,2009.0,4.0,0.6923842707814833,0.6841596611200219,1.0,0.004479840716774514,0.1831757093081135,0.514186162269786,0.0004977600796416127,0.4315579890492782,2.0,0.11548033847685416,0.4818317570930811,0.20159283225485317,0.20059731209556994,0.7053260328521652,0.11448481831757093,0.06769537083125933,0.07665505226480836,0.035838725734196115,0.11149825783972125,0.2533598805375809,0.6351418616226978,0.11896465903434544,0.3628670980587357,1.0,311.0,32.72324539571926,38.33650105275831,287.0,5.990604026845638,10.330465369271568,0.741662518666003,25.0,21.89,4153.54,217.81868760515982,214.78114536168724,1110.0,106.0,4491.0,1004.0288288288289,652.2720677642586,-13.0,373.0,6.079279279279279,28.304651779779828,0.6720720720720721,0.5882882882882883,29.0,294.0,148.76396396396396,40.50314928986705,0.1891891891891892,23.888888889,100.0,85.96010860264155,15.902981220319752,0.23423423423423423,0.2009009009009009,0.08738738738738738,0.08108108108108109,0.09009009009009009,0.08108108108108109,0.055855855855855854,0.023423423423423424,0.0,0.03873873873873874,0.01891891891891892,0.01891891891891892,0.010810810810810811,0.016216216216216217,0.00990990990990991,0.0045045045045045045,0.0045045045045045045,0.014414414414414415,0.16576576576576577,0.054954954954954956,0.06576576576576576,0.032432432432432434,0.04504504504504504,0.03963963963963964,0.02252252252252252,0.03063063063063063,0.032432432432432434,0.007207207207207207,0.3108108108108108,0.07747747747747748,0.07027027027027027,0.06486486486486487,0.04054054054054054,0.02252252252252252,0.036036036036036036,0.024324324324324326,0.018018018018018018,0.009009009009009009
2021-09-21,0.6266201395812563,0.3371859296482412,0.4015375517445299,0.08417338709677419,0.3674698795180723,0.375687843921961,0.25237856785177765,-0.05952976488244122,0.4116174261392088,0.5212606303151576,0.10362429811128127,0.5983975963945919,0.07816711590296496,0.4133266533066132,-0.08097928436911488,0.48142570281124497,-0.20677570093457945,-0.4079336885731202,0.06646525679758308,-0.8232323232323232,0.8571428571428571,2006.0,7.0,0.7093718843469591,0.6903552912932566,1.0,0.007976071784646061,0.24626121635094717,0.47756729810568294,0.0004985044865403788,0.4491525423728814,4.0,0.12811565304087738,0.44017946161515453,0.21286141575274178,0.21784646061814555,0.7477567298105683,0.09720837487537388,0.06031904287138584,0.0707876370887338,0.023928215353938187,0.06380857427716849,0.20388833499501496,0.7323030907278165,0.13808574277168495,0.3778664007976072,1.0,314.0,39.188434695912264,42.04571061819504,196.0,7.223268325487559,9.717194695813776,0.7412761714855434,27.0,23.26,2283.23,206.37052260716382,192.97824517806762,1033.0,106.0,4491.0,1010.323330106486,666.332240737505,-17.0,241.0,-0.9554695062923524,16.929915715129958,0.8267182962245886,0.7879961277831559,19.0,291.0,123.76669893514037,45.84770853964895,0.22846079380445306,10.555555556,100.0,71.06815660698159,20.187758517313735,0.22362052274927396,0.1936108422071636,0.08809293320425944,0.08712487899322362,0.08518877057115198,0.07938044530493708,0.05808325266214908,0.02904162633107454,0.0,0.049370764762826716,0.02420135527589545,0.01452081316553727,0.010648596321393998,0.017424975798644726,0.006776379477250726,0.008712487899322363,0.005808325266214908,0.008712487899322363,0.1403678606001936,0.06389157792836399,0.06292352371732816,0.031945788964181994,0.0484027105517909,0.030009680542110357,0.027105517909002903,0.026137463697967087,0.03872216844143272,0.007744433688286544,0.34462729912875123,0.07841239109390126,0.06389157792836399,0.057115198451113264,0.031945788964181994,0.023233301064859633,0.03872216844143272,0.030977734753146177,0.01936108422071636,0.010648596321393998
2021-09-22,0.5996751928542428,0.29681112019623873,0.34461092315128083,0.08504519309778143,0.32938291785860235,0.3716958113054087,0.22253981216823193,-0.05655004068348251,0.37749694251936405,0.48800325335502237,0.047795632468067575,0.5154723127035831,0.04533189422558014,0.3772430668841762,-0.11396011396011396,0.44920440636474906,-0.1838975297346752,-0.4112595419847328,0.023007395234182416,-0.821917808219178,0.42857142857142855,2463.0,5.0,0.7194478278522127,0.6645052302839205,1.0,0.005684125050751117,0.22736500203004467,0.45554202192448234,0.0,0.4478278522127487,1.0,0.1218026796589525,0.464068209500609,0.20828258221680876,0.2054405196914332,0.7515225334957369,0.09947218838814453,0.061713357693869264,0.05968331303288672,0.027608607389362567,0.05440519691433211,0.1607795371498173,0.7848152659358506,0.14859926918392205,0.3873325213154689,1.0,321.0,43.85952090946001,44.48762090267684,242.0,6.625836335563561,10.748242090740762,0.7888753552578157,29.0,22.33,2975.0,216.17447832301096,202.5918935584717,1148.0,95.0,4491.0,1006.0531358885017,641.2996025731096,-17.0,257.0,0.21777003484320556,18.297110969405974,0.8144599303135889,0.7290940766550522,21.0,292.0,131.04790940766551,46.554131432436584,0.2578397212543554,19.266055045999998,100.0,75.74718088764202,19.60646994145162,0.23519163763066203,0.1759581881533101,0.09407665505226481,0.08536585365853659,0.09233449477351917,0.07055749128919861,0.06010452961672474,0.024390243902439025,0.0,0.05139372822299652,0.01916376306620209,0.017421602787456445,0.013937282229965157,0.016550522648083623,0.006097560975609756,0.003484320557491289,0.005226480836236934,0.014808362369337979,0.1402439024390244,0.07142857142857142,0.06881533101045297,0.027874564459930314,0.04355400696864112,0.039198606271777,0.02264808362369338,0.023519163763066203,0.029616724738675958,0.008710801393728223,0.3249128919860627,0.078397212543554,0.06968641114982578,0.06445993031358885,0.036585365853658534,0.02003484320557491,0.041811846689895474,0.027874564459930314,0.017421602787456445,0.010452961672473868
2021-09-23,0.5317134742821079,0.2719186785260483,0.3000367242012486,0.00415202810603641,0.22649301143583228,0.31000633312222925,0.18763866877971475,-0.11452072129073078,0.29340937896070973,0.4188332276474318,-0.016304347826086956,0.38945362134688694,0.02000816659861168,0.3443246670894103,-0.14801864801864803,0.403430749682338,-0.18831615120274914,-0.40316060271958837,0.03701298701298701,-0.8178438661710037,0.3,3169.0,6.0,0.6964342063742506,0.6880954048333615,1.0,0.005680025244556642,0.21331650362890503,0.46544651309561375,0.0003155569580309246,0.38939728621016095,6.0,0.1309561375828337,0.4846954875355002,0.19627642789523508,0.18775639002840014,0.7579678131902808,0.09182707478699906,0.05995582202587567,0.06437361943830862,0.025875670558535815,0.041022404544020195,0.11076049226885452,0.8482171031871253,0.15809403597349322,0.384979488797728,1.0,323.0,42.97254654465131,44.150285024980946,136.0,5.45046439628483,7.707879418288629,0.8153991795519091,27.0,10.43,2630.77,210.53063300402488,203.74840655666375,1401.0,95.0,4491.0,988.9900071377588,635.0242525515406,-18.0,505.0,10.092790863668808,46.64250006460782,0.7030692362598144,0.681655960028551,33.0,303.0,149.95003568879372,41.446923912208966,0.23554603854389722,25.0,100.0,86.92690882334611,14.926855048252053,0.23197715917202,0.18772305496074232,0.09850107066381156,0.08279800142755175,0.07780157030692363,0.07708779443254818,0.0635260528194147,0.02212705210563883,0.0,0.055674518201284794,0.017130620985010708,0.017844396859386154,0.014989293361884369,0.014275517487508922,0.007137758743754461,0.005710206995003569,0.0035688793718772305,0.010706638115631691,0.16416845110635261,0.06709493219129194,0.07066381156316917,0.028551034975017844,0.04925053533190578,0.03854389721627409,0.02426837972876517,0.022840827980014276,0.03497501784439686,0.006423982869379015,0.30906495360456815,0.08065667380442541,0.0649536045681656,0.0649536045681656,0.03640256959314775,0.02069950035688794,0.03783012134189864,0.022840827980014276,0.018558172733761598,0.013561741613133477
2021-09-24,0.4991028708133971,0.21951219512195122,0.30298818624044477,-0.03144844269730874,0.18042168674698794,0.26162616261626165,0.1335133513351335,-0.14435459718478585,0.24924924924924924,0.3817800419538508,-0.04943545926151968,0.32200841852074563,0.020225593154414623,0.3366306954436451,-0.24665178571428573,0.3663455749548465,-0.22082018927444794,-0.42568039078855546,0.0025940337224383916,-0.8621291448516579,0.0,3344.0,4.0,0.6375598086124402,0.6700111142519509,1.0,0.005681818181818182,0.1937799043062201,0.48295454545454547,0.0002990430622009569,0.36004784688995217,7.0,0.12470095693779905,0.5041866028708134,0.19587320574162678,0.17523923444976078,0.7664473684210527,0.08761961722488039,0.060406698564593304,0.05861244019138756,0.026913875598086126,0.039473684210526314,0.08732057416267942,0.8732057416267942,0.14294258373205743,0.3675239234449761,1.0,312.0,40.46620813397129,42.69705660104455,224.0,4.872992700729927,8.345973650871102,0.819377990430622,26.0,10.13,2225.0,202.6456042402827,174.16006029660085,1449.0,95.0,4491.0,983.8226363008972,639.4809053654556,-14.0,365.0,11.557625948930296,37.10165442686911,0.5686680469289165,0.6169772256728778,34.0,293.0,155.57349896480332,39.333855968960265,0.2111801242236025,18.888888889,100.0,90.3728968519372,13.71599370285126,0.23326432022084195,0.1973775017253278,0.0883367839889579,0.08488612836438923,0.08350586611456176,0.07660455486542443,0.06142167011732229,0.017943409247757072,0.0,0.04830917874396135,0.016563146997929608,0.026224982746721876,0.013802622498274672,0.011732229123533472,0.00759144237405107,0.004140786749482402,0.003450655624568668,0.01518288474810214,0.17736369910282954,0.062111801242236024,0.07039337474120083,0.024154589371980676,0.04830917874396135,0.03657694962042788,0.024844720496894408,0.024154589371980676,0.03243616287094548,0.006901311249137336,0.3064182194616977,0.07522429261559696,0.06487232574189096,0.06625258799171843,0.039337474120082816,0.017943409247757072,0.03795721187025535,0.020703933747412008,0.017943409247757072,0.012422360248447204
2021-09-25,0.5748189863234111,0.29676113360323886,0.33381157340985174,0.07255776246453181,0.3284671532846715,0.3027856277755349,0.2104200323101777,-0.05887096774193548,0.35512510088781274,0.4191206131504639,0.04956984842277755,0.5197899838449112,0.08085977482088025,0.38303030303030305,-0.12855209742895804,0.4123586429725363,-0.15798764342453664,-0.36439888164026096,0.04173354735152488,-0.7791411042944786,0.14285714285714285,2486.0,10.0,0.7771520514883347,0.7333784550693968,1.0,0.01166532582461786,0.23169750603378922,0.4565567176186645,0.0,0.43041029766693484,13.0,0.13837489943684633,0.4448913917940467,0.19267900241351568,0.2232502011263073,0.7759452936444087,0.10257441673370878,0.055913113435237326,0.047868061142397424,0.017699115044247787,0.02775543041029767,0.1170555108608206,0.8551890587288817,0.18181818181818182,0.38777152051488334,1.0,311.0,44.1082059533387,48.991018322721175,235.0,7.3225265511458915,12.030788759542224,0.7196299275945294,24.0,22.33,6590.0,207.37150816522575,248.78571364976943,1154.0,95.0,4491.0,993.8760831889082,638.0339620711408,-18.0,382.0,2.1039861351819757,24.797314043057685,0.7582322357019065,0.7920277296360485,26.0,293.0,139.69844020797228,46.78625027994777,0.20363951473136915,18.888888889,100.0,80.54312329591852,19.444239893504317,0.2391681109185442,0.19324090121317158,0.0927209705372617,0.08752166377816291,0.08405545927209705,0.0632582322357019,0.0632582322357019,0.024263431542461005,0.0,0.049393414211438474,0.018197573656845753,0.02079722703639515,0.012131715771230503,0.01733102253032929,0.005199306759098787,0.0034662045060658577,0.0034662045060658577,0.008665511265164644,0.16984402079722705,0.05719237435008666,0.05719237435008666,0.02772963604852686,0.045060658578856154,0.038128249566724434,0.02339688041594454,0.026863084922010397,0.03292894280762565,0.00779896013864818,0.32062391681109187,0.07538994800693241,0.07105719237435008,0.0684575389948007,0.03466204506065858,0.022530329289428077,0.03466204506065858,0.025996533795493933,0.021663778162911613,0.012998266897746967
2021-09-26,0.49033816425120774,0.23638132295719844,0.2922555115884681,-0.016617790811339198,0.21902439024390244,0.2506059137178866,0.14188532555879493,-0.11003393116820165,0.22561863173216884,0.33624031007751937,-0.08420009905894008,0.3911778962675715,0.009797917942437232,0.329606222654351,-0.14839797639123103,0.3260340632603406,-0.24025289778714437,-0.416289592760181,-0.006679389312977099,-0.8465909090909091,0.14285714285714285,2070.0,7.0,0.7434782608695653,0.7167090072840969,1.0,0.00676328502415459,0.18743961352657004,0.4971014492753623,0.0,0.4048309178743961,10.0,0.09806763285024155,0.5077294685990338,0.18454106280193236,0.20917874396135266,0.7256038647342995,0.1,0.0748792270531401,0.07294685990338164,0.026570048309178744,0.09227053140096618,0.19227053140096617,0.7154589371980676,0.1473429951690821,0.35942028985507246,1.0,292.0,38.62753623188406,43.209281032482174,154.0,6.497512437810945,8.767412720599115,0.6797101449275362,27.0,23.06,3750.0,247.19324309392266,226.84297834142865,1169.0,95.0,4491.0,1009.9255774165954,647.6198390484493,-17.0,375.0,6.020530367835757,29.945519985203518,0.6381522668947819,0.7082976903336184,46.0,293.0,161.5218135158255,37.39008656610292,0.20359281437125748,32.484076433,100.0,93.29599550454738,10.94480169826057,0.23011120615911035,0.20102651839178784,0.09409751924721985,0.09238665526090675,0.08126603934987169,0.0855431993156544,0.05218135158254919,0.022241231822070145,0.0,0.04448246364414029,0.017964071856287425,0.023096663815226688,0.00855431993156544,0.01710863986313088,0.0025662959794696323,0.003421727972626176,0.0025662959794696323,0.009409751924721984,0.16766467065868262,0.05474764756201882,0.06501283147989735,0.03592814371257485,0.05132591958939264,0.03507271171941831,0.02480752780153978,0.023952095808383235,0.03165098374679213,0.00855431993156544,0.31479897348160824,0.06672369546621043,0.0658682634730539,0.06501283147989735,0.03592814371257485,0.023096663815226688,0.03934987168520103,0.0290846877673225,0.023096663815226688,0.013686911890504704
2021-09-27,0.5490605427974948,0.26789473684210524,0.33191230207064554,0.06561679790026247,0.2805263157894737,0.32948583420776495,0.18516570226196738,-0.1069182389937107,0.32214060860440713,0.44077568134171907,-0.01279317697228145,0.47506561679790027,0.013268156424581005,0.3550078657577347,-0.06438631790744467,0.4239073196419168,-0.21982758620689655,-0.40261356565028,0.09011943539630836,-0.8081632653061225,0.6666666666666666,1916.0,5.0,0.6998956158663883,0.6872353434571716,1.0,0.006263048016701462,0.18110647181628392,0.534446764091858,0.0005219206680584551,0.4384133611691023,6.0,0.09133611691022965,0.5010438413361169,0.21816283924843424,0.18893528183716074,0.6769311064718163,0.12839248434237996,0.0824634655532359,0.0824634655532359,0.029749478079331943,0.12004175365344467,0.2359081419624217,0.6440501043841336,0.12160751565762004,0.37839248434237993,1.0,277.0,33.056919060052216,38.057611801046995,179.0,6.169770773638969,10.407288744698015,0.7286012526096033,10.0,19.69,3950.0,218.85380473372783,225.40377743000045,1058.0,95.0,2988.0,993.5387523629489,635.1059156084334,-15.0,272.0,2.508506616257089,22.457874439767643,0.7504725897920604,0.7939508506616257,42.0,306.0,152.22684310018903,40.48957207933187,0.22589792060491493,24.57337884,100.0,88.25063069178829,15.0192012742187,0.2060491493383743,0.21455576559546313,0.10491493383742911,0.08979206049149338,0.08601134215500945,0.07655954631379962,0.05198487712665406,0.017958412098298678,0.0,0.04158790170132325,0.017958412098298678,0.022684310018903593,0.01606805293005671,0.01606805293005671,0.004725897920604915,0.002835538752362949,0.005671077504725898,0.012287334593572778,0.13988657844990549,0.062381852551984876,0.057655954631379965,0.03213610586011342,0.045368620037807186,0.036862003780718335,0.02930056710775047,0.027410207939508508,0.03497164461247637,0.010396975425330813,0.3544423440453686,0.07277882797731569,0.07088846880907372,0.05954631379962193,0.03780718336483932,0.022684310018903593,0.03497164461247637,0.024574669187145556,0.017958412098298678,0.017013232514177693
2021-09-28,0.5988056460369164,0.3528126706717641,0.4134366925064599,0.1069078947368421,0.35577449370552816,0.40490463215258854,0.25994550408719347,-0.041916167664670656,0.4050081654872074,0.5051771117166213,0.06166666666666667,0.5504637206764866,0.05620437956204379,0.4331696672122204,-0.052854122621564484,0.4803063457330416,-0.18877551020408162,-0.41083805923125394,0.0802675585284281,-0.7700534759358288,0.25,1842.0,6.0,0.7258414766558089,0.6962887362212488,1.0,0.0027144408251900108,0.24375678610206297,0.4728555917480999,0.0005428881650380022,0.4609120521172638,0.0,0.11672095548317046,0.4370249728555918,0.2290988056460369,0.21715526601520088,0.7231270358306189,0.11292073832790445,0.05863192182410423,0.0781758957654723,0.02714440825190011,0.05971769815418024,0.22095548317046687,0.7193268186753529,0.13735070575461455,0.3995656894679696,1.0,303.0,38.058089033659066,41.61682629137832,203.0,8.87603305785124,17.296193363079684,0.7225841476655809,12.0,16.53,7184.32,213.83257575757574,300.3165156991867,963.0,95.0,4491.0,1009.0134994807892,655.631059435229,-20.0,223.0,-0.3063343717549325,16.286565492800527,0.8058151609553479,0.77466251298027,23.0,284.0,123.25441329179647,45.553886994585824,0.22118380062305296,17.424242424000003,100.0,70.43082422035612,20.296486698059446,0.2222222222222222,0.19730010384215993,0.09241952232606439,0.08411214953271028,0.08099688473520249,0.08618899273104881,0.055036344755970926,0.02596053997923157,0.0,0.04880581516095535,0.021806853582554516,0.020768431983385256,0.008307372793354102,0.01973001038421599,0.008307372793354102,0.008307372793354102,0.004153686396677051,0.005192107995846314,0.13499480789200416,0.06645898234683281,0.05711318795430945,0.030114226375908618,0.05192107995846314,0.03426791277258567,0.029075804776739357,0.023883696780893044,0.035306334371754934,0.008307372793354102,0.3312564901349948,0.07476635514018691,0.07580477673935618,0.06853582554517133,0.032191069574247146,0.024922118380062305,0.040498442367601244,0.030114226375908618,0.024922118380062305,0.017653167185877467
2021-09-29,0.6398169336384439,0.34146341463414637,0.37945945945945947,0.13796296296296295,0.3933671119299862,0.38825149150986693,0.23621323529411764,-0.04553817847286108,0.421875,0.5284926470588235,0.07398790134946487,0.6146072576940744,0.041079092581238506,0.4281120808451998,-0.027874564459930314,0.5144827586206897,-0.17276422764227642,-0.38519719070772557,0.10166358595194085,-0.7574257425742574,0.7272727272727273,2185.0,8.0,0.7409610983981694,0.6984362379136893,1.0,0.005034324942791762,0.22700228832951946,0.47139588100686497,0.0,0.4443935926773455,1.0,0.11075514874141876,0.448512585812357,0.2128146453089245,0.22791762013729977,0.7281464530892449,0.10434782608695652,0.06773455377574371,0.07368421052631578,0.02608695652173913,0.04988558352402746,0.17848970251716248,0.77162471395881,0.16521739130434782,0.41510297482837527,1.0,313.0,40.7304347826087,44.68996897473633,182.0,7.3566221142162815,12.240539124819382,0.7533180778032037,8.0,25.12,3625.0,201.65817937701394,193.47076968964356,1056.0,95.0,4491.0,1002.0066287878788,640.9569230511532,-17.0,258.0,-0.8740530303030303,17.354465916704466,0.8475378787878788,0.8579545454545454,25.0,292.0,129.57954545454547,46.22831571268906,0.22537878787878787,14.136125654,100.0,74.31659676085133,19.977998425267344,0.23390151515151514,0.1856060606060606,0.09090909090909091,0.08901515151515152,0.08617424242424243,0.06912878787878787,0.06439393939393939,0.02556818181818182,0.0,0.043560606060606064,0.020833333333333332,0.019886363636363636,0.01231060606060606,0.014204545454545454,0.004734848484848485,0.006628787878787879,0.00946969696969697,0.008522727272727272,0.14962121212121213,0.07386363636363637,0.07196969696969698,0.030303030303030304,0.04071969696969697,0.041666666666666664,0.019886363636363636,0.027462121212121212,0.03314393939393939,0.00946969696969697,0.32859848484848486,0.07575757575757576,0.07007575757575757,0.061553030303030304,0.035037878787878785,0.021780303030303032,0.030303030303030304,0.026515151515151516,0.020833333333333332,0.016098484848484848
2021-09-30,0.6014246947082768,0.297029702970297,0.37758346581875996,0.06172839506172839,0.2975093824633231,0.3369602176130568,0.20510204081632652,-0.0742001361470388,0.3306122448979592,0.45045965270684374,0.031174229303775544,0.505277494041539,0.05288888888888889,0.38678924072182497,-0.0639686684073107,0.4452031410037555,-0.18972033257747545,-0.39171974522292996,0.048728813559322036,-0.7493112947658402,0.0,2948.0,5.0,0.7299864314789688,0.6968515163107661,1.0,0.0047489823609226595,0.21404341926729986,0.45454545454545453,0.0,0.3887381275440977,4.0,0.11295793758480326,0.4955902306648575,0.20013568521031208,0.19097693351424694,0.7245590230664858,0.10413839891451832,0.0708955223880597,0.07394843962008141,0.026458616010854818,0.04308005427408412,0.11804613297150611,0.8388738127544098,0.15400271370420623,0.4141791044776119,1.0,306.0,40.956919945725915,43.05208502956592,180.0,6.6328686100549215,11.156118806401418,0.8029172320217096,27.0,16.31,3707.0,217.83990403838467,229.21043473976218,1462.0,95.0,4491.0,1017.5841313269494,646.8687677611986,-18.0,292.0,3.500683994528044,23.95868991109474,0.707250341997264,0.719562243502052,33.0,306.0,151.55129958960327,40.29059104280084,0.2359781121751026,25.0,100.0,87.65520105698222,14.270992866823123,0.22366621067031464,0.1935704514363885,0.09302325581395349,0.08618331053351573,0.0786593707250342,0.07113543091655267,0.0704514363885089,0.0253077975376197,0.0,0.04445964432284542,0.02188782489740082,0.02051983584131327,0.011627906976744186,0.016415868673050615,0.004103967168262654,0.005471956224350205,0.005471956224350205,0.014363885088919288,0.16279069767441862,0.06361149110807114,0.06839945280437756,0.032147742818057455,0.05129958960328317,0.04445964432284542,0.023939808481532147,0.029411764705882353,0.032147742818057455,0.008207934336525308,0.3002735978112175,0.07660738714090287,0.06224350205198358,0.06497948016415869,0.03556771545827633,0.02051983584131327,0.036935704514363885,0.03146374829001368,0.017783857729138167,0.015047879616963064
